0
Entradas: [109, 133, 380, 485, 53, 589, 407]
Salidas: [29]
29
Entradas: [0, 565, 111, 670, 1057]
Salidas: [409, 830, 97, 591, 74]
409
Entradas: [29, 659, 450, 377]
Salidas: [793, 103]
793
Entradas: [409, 259, 144, 781, 880]
Salidas: [215, 623, 824, 300]
215
Entradas: [793, 906, 1016, 903, 951, 769]
Salidas: [269, 894, 361, 873, 367, 966]
269
Entradas: [215, 182]
Salidas: [185, 1137, 786]
185
Entradas: [269, 1, 45, 954]
Salidas: [61, 565, 56, 1121]
61
Entradas: [185, 66]
Salidas: [560, 748, 331, 984]
560
Entradas: [61, 797, 1135, 582, 510, 219, 184]
Salidas: [222, 860, 403, 140, 960, 273]
222
Entradas: [560, 290, 751, 734, 895]
Salidas: [127, 284, 1075, 193, 223]
127
Entradas: [222, 715, 988]
Salidas: [1119, 422]
1119
Entradas: [127, 416, 257, 570, 151]
Salidas: [1116, 173, 940, 942, 760, 783, 671]
1116
Entradas: [1119, 1077, 925, 913, 803]
Salidas: [723]
723
Entradas: [1116, 576, 568, 837, 536]
Salidas: [309, 1036, 33, 234, 497, 679]
309
Entradas: [723, 777, 176, 152, 449, 113]
Salidas: [1024, 417, 534, 303, 807]
1024
Entradas: [309, 509, 58, 814, 239]
Salidas: [809, 274, 111, 270, 863, 592]
809
Entradas: [1024, 785, 34, 306, 787, 107]
Salidas: [818, 607]
818
Entradas: [809, 118, 903, 1106, 407]
Salidas: [381, 209, 572]
381
Entradas: [818, 956, 842, 851, 616, 246, 107, 895]
Salidas: [1053, 176]
1053
Entradas: [381, 81, 495]
Salidas: [157, 804, 459, 250, 305]
157
Entradas: [1053, 904, 156, 865]
Salidas: [85, 475, 199, 348, 624]
85
Entradas: [157, 94, 182, 113, 133]
Salidas: [885, 547, 1122]
885
Entradas: [85, 353, 20, 645, 391, 292, 10]
Salidas: [726, 604, 184, 261, 227, 959]
726
Entradas: [885, 1039]
Salidas: [626, 633, 1032, 918, 774, 868]
626
Entradas: [726, 996, 1084, 399, 784]
Salidas: [510, 717, 209, 325, 779]
510
Entradas: [626, 335, 1017, 915]
Salidas: [1132, 154, 542, 560]
1132
Entradas: [510, 718, 643, 112]
Salidas: [48, 904, 1108]
48
Entradas: [1132, 672, 686, 522]
Salidas: [292, 608, 290]
292
Entradas: [48, 287]
Salidas: [207, 754, 706, 885, 1038, 321, 81]
207
Entradas: [292, 823, 891]
Salidas: [609]
609
Entradas: [207, 193]
Salidas: [837, 390, 691]
837
Entradas: [609, 523, 472]
Salidas: [337, 1020, 179, 723]
337
Entradas: [837, 478, 31, 262]
Salidas: [404, 242, 491, 729, 1042, 420]
404
Entradas: [337, 333, 823, 666, 897]
Salidas: [536, 199, 366, 186]
536
Entradas: [404]
Salidas: [388, 723]
388
Entradas: [536, 249]
Salidas: [461, 757, 781, 934, 343]
461
Entradas: [388, 291]
Salidas: [704, 965]
704
Entradas: [461, 1007, 752]
Salidas: [677, 380, 584, 1047, 372]
677
Entradas: [704, 1071, 6]
Salidas: [546, 504]
546
Entradas: [677, 1075, 436]
Salidas: [511, 1060, 1079, 375]
511
Entradas: [546, 31, 1063, 138, 825]
Salidas: [727, 326, 219, 38, 949, 606]
727
Entradas: [511, 688, 150, 708, 985]
Salidas: [1054, 572, 1003]
1054
Entradas: [727, 361, 4, 997]
Salidas: [1103, 320, 481, 944, 1102]
1103
Entradas: [1054, 268, 227, 1013, 275]
Salidas: [429, 665]
429
Entradas: [1103, 138]
Salidas: [1123, 259, 77, 719, 492]
1123
Entradas: [429, 519]
Salidas: [1108, 115, 92]
1108
Entradas: [1123, 1132, 981, 1070]
Salidas: [508, 405, 261, 72, 628]
508
Entradas: [1108, 51, 889, 663, 939, 1057, 672, 491, 1032, 736]
Salidas: [479, 586, 551, 9]
479
Entradas: [508, 348, 346, 876]
Salidas: [260, 336]
260
Entradas: [479, 927, 606, 504]
Salidas: [676, 960, 637, 758, 145]
676
Entradas: [260, 619, 1118, 901, 512, 886, 519]
Salidas: [209, 1111, 138, 705, 125, 990, 96]
209
Entradas: [676, 328, 818, 626]
Salidas: [906, 537, 577, 742, 808]
906
Entradas: [209, 462, 574, 56, 685, 398]
Salidas: [1011, 1020, 273, 215, 833, 953]
1011
Entradas: [906, 572, 1101, 67, 137]
Salidas: [781, 604, 410, 1067]
781
Entradas: [1011, 679, 556, 388, 824, 189, 94]
Salidas: [501, 793, 740, 710, 773]
501
Entradas: [781, 767, 1099, 656]
Salidas: [862, 497]
862
Entradas: [501, 1006, 361, 644]
Salidas: [268, 386, 874, 784, 582, 789]
268
Entradas: [862, 922, 534]
Salidas: [403, 1103, 770, 223]
403
Entradas: [268, 560, 1093, 752, 180, 59, 264, 457, 123]
Salidas: [175, 567, 960, 886]
175
Entradas: [403, 969]
Salidas: [100, 663, 394, 352, 980, 1032, 109]
100
Entradas: [175, 181, 174, 865, 632]
Salidas: [1094, 1080, 37, 861]
1094
Entradas: [100, 983, 601, 1005, 652, 1131]
Salidas: [814, 729, 797, 477, 582]
814
Entradas: [1094, 554, 274, 839, 709]
Salidas: [1114, 701, 1024, 319, 1078]
1114
Entradas: [814, 322, 163, 389]
Salidas: [98, 858, 75]
98
Entradas: [1114, 75]
Salidas: [438, 878, 957, 963, 1072]
438
Entradas: [98, 103, 295, 372, 518]
Salidas: [928, 912]
928
Entradas: [438, 1066, 26]
Salidas: [204, 160]
204
Entradas: [928, 669]
Salidas: [983, 214, 634, 870]
983
Entradas: [204, 848, 360, 813]
Salidas: [258, 1094, 333, 125, 728]
258
Entradas: [983, 824, 46, 1023]
Salidas: [944, 507, 1008, 736, 691, 1056]
944
Entradas: [258, 846, 494, 1054]
Salidas: [179, 750, 516, 340, 229, 488]
179
Entradas: [944, 1136, 837, 130, 22]
Salidas: [341, 962, 345]
341
Entradas: [179, 623, 235, 615, 757, 1065, 413, 606, 89]
Salidas: [957, 439, 361, 578, 199, 485, 139]
957
Entradas: [341, 745, 98, 705]
Salidas: [903]
903
Entradas: [957, 923, 990, 163, 744]
Salidas: [685, 930, 1000, 174, 818, 497, 215]
685
Entradas: [903, 1035, 617]
Salidas: [59, 846, 906]
59
Entradas: [685, 505, 1051, 642, 1126, 871, 564]
Salidas: [700, 776, 1067, 403, 494, 420, 71]
700
Entradas: [59, 27]
Salidas: [430, 591, 589, 576]
430
Entradas: [700, 831]
Salidas: [432, 498, 777, 424]
432
Entradas: [430, 484, 44]
Salidas: [857, 569]
857
Entradas: [432, 720, 68, 322, 383]
Salidas: [1042, 1097, 290]
1042
Entradas: [857, 223, 181, 477, 611, 337]
Salidas: [996, 49, 625, 821, 183, 637]
996
Entradas: [1042, 452, 963, 50, 860]
Salidas: [623, 548, 626, 747, 909, 853, 386]
623
Entradas: [996, 793, 721, 379, 832]
Salidas: [341, 8, 650, 181, 624, 578]
439
Entradas: [341, 73, 576, 1022, 496]
Salidas: [1025]
1025
Entradas: [439, 435]
Salidas: [327, 749, 1121, 250]
327
Entradas: [1025, 769, 1089]
Salidas: [104, 952, 350, 79, 390]
104
Entradas: [327, 515, 37]
Salidas: [60, 717, 1062]
60
Entradas: [104, 133, 170, 919]
Salidas: [597, 619, 571, 412]
597
Entradas: [60, 245]
Salidas: [531, 196, 886, 475, 875, 904]
531
Entradas: [597, 53, 855]
Salidas: [1061]
1061
Entradas: [531, 14]
Salidas: [153, 975, 32, 647]
153
Entradas: [1061, 724, 202, 1087]
Salidas: [27]
27
Entradas: [153, 739, 305]
Salidas: [589, 700, 193, 828, 33, 525]
589
Entradas: [27, 1137, 942, 921, 691, 700]
Salidas: [1131, 117, 1129, 803, 426, 122, 0]
1131
Entradas: [589, 192]
Salidas: [662, 942, 193, 503, 270, 1094]
662
Entradas: [1131, 736, 21, 190, 1063, 770]
Salidas: [417, 154, 167, 636, 724, 810]
417
Entradas: [662, 771, 1111, 309, 542, 492, 896]
Salidas: [960, 14, 637]
960
Entradas: [417, 260, 816, 403, 560, 1086, 305]
Salidas: [514, 1136, 35, 455, 971, 839, 965]
514
Entradas: [960, 751, 395, 844, 555, 494, 807]
Salidas: [369, 879, 386, 19]
369
Entradas: [514, 65, 566, 308, 245]
Salidas: [410, 633, 708, 144, 146, 256]
410
Entradas: [369, 1011, 169, 472, 276]
Salidas: [654, 373, 787, 868, 798, 285, 75]
654
Entradas: [410, 797, 1136, 76, 583]
Salidas: [573, 28, 151, 943, 961]
573
Entradas: [654, 580, 311, 792, 139, 109]
Salidas: [1113, 92, 644, 854, 261]
1113
Entradas: [573, 993, 549, 286]
Salidas: [917]
917
Entradas: [1113, 395]
Salidas: [387, 412, 118, 605, 953]
387
Entradas: [917, 386, 1076, 792]
Salidas: [233, 219, 163, 310, 281]
233
Entradas: [387, 274, 927, 730, 529, 547, 312, 538]
Salidas: [622, 718, 1044, 722, 489, 386, 1078]
622
Entradas: [233, 852, 683, 366, 69, 36]
Salidas: [822]
822
Entradas: [622, 280, 530]
Salidas: [181, 1093]
181
Entradas: [822, 578, 326, 692, 623, 669, 802]
Salidas: [346, 100, 211, 199, 451, 1042]
346
Entradas: [181, 614, 883, 772]
Salidas: [656, 661, 455, 479, 952, 616, 325]
656
Entradas: [346, 569, 86, 587, 592, 673]
Salidas: [552, 725, 691, 201, 47, 1137, 501]
552
Entradas: [656, 311, 591, 139, 1064, 392]
Salidas: [367, 595, 189, 1068]
367
Entradas: [552, 977, 633, 890, 215, 427, 938]
Salidas: [290, 639]
290
Entradas: [367, 782, 857, 48, 470, 149, 984, 1083]
Salidas: [222, 373, 463]
422
Entradas: [127, 657]
Salidas: [660, 601, 306, 614]
660
Entradas: [422, 471, 769, 435]
Salidas: [71, 1046, 909]
71
Entradas: [660, 1078, 591, 1012, 616, 59, 174]
Salidas: [648, 128, 49, 96, 913]
648
Entradas: [71, 683, 845, 750, 415]
Salidas: [605, 338, 379]
605
Entradas: [648, 232, 1009, 917, 202]
Salidas: [328, 76, 717]
328
Entradas: [605, 1092, 992, 139, 632]
Salidas: [209, 969, 1040, 977, 251, 767, 1089]
537
Entradas: [209, 686]
Salidas: [687]
687
Entradas: [537, 1031, 955, 618, 637, 632]
Salidas: [968, 1105, 997]
968
Entradas: [687, 294, 467, 423, 161, 759, 494]
Salidas: [454, 82, 934, 134, 353, 1, 1013]
454
Entradas: [968, 572, 295]
Salidas: [383, 638, 203, 446, 134]
383
Entradas: [454, 992, 473, 806, 47]
Salidas: [610, 991, 1120, 874, 898, 857, 9]
610
Entradas: [383, 926, 725, 861]
Salidas: [168, 738, 658, 549, 958, 827]
168
Entradas: [610, 964, 440, 393, 600]
Salidas: [785, 1078, 1052, 43, 884, 1091, 642]
785
Entradas: [168, 151, 671, 426]
Salidas: [809, 150, 633]
1105
Entradas: [687, 705, 1129, 183, 283, 1063, 1006, 275]
Salidas: [343, 18, 280, 521, 1064, 498, 196]
343
Entradas: [1105, 78, 375, 695, 388]
Salidas: [211, 678, 231, 377, 1019, 661, 272]
211
Entradas: [343, 181, 370, 1102, 1001, 494]
Salidas: [406, 75]
406
Entradas: [211, 205]
Salidas: [661, 771, 962]
661
Entradas: [406, 346, 994, 948, 867, 343]
Salidas: [65, 156]
65
Entradas: [661, 826, 858]
Salidas: [922, 471, 369, 598, 278, 212]
922
Entradas: [65, 39]
Salidas: [268, 161, 315]
665
Entradas: [1103, 582, 323]
Salidas: [715, 596, 379, 664, 478, 908, 393]
715
Entradas: [665, 754, 452, 855, 750]
Salidas: [499, 339, 212, 127, 120]
499
Entradas: [715, 770, 5]
Salidas: [442, 1121, 606, 7]
442
Entradas: [499, 456, 1049, 1084, 35]
Salidas: [572, 513]
572
Entradas: [442, 727, 818, 164]
Salidas: [1011, 454]
604
Entradas: [1011, 885, 141, 224, 999]
Salidas: [280, 951, 766, 473, 791, 22]
280
Entradas: [604, 489, 152, 975, 1105, 9]
Salidas: [822, 213, 342, 286]
1080
Entradas: [100, 867, 940, 876, 961]
Salidas: [1063]
1063
Entradas: [1080, 992]
Salidas: [624, 598, 235, 511, 1105, 662]
624
Entradas: [1063, 623, 157, 43]
Salidas: [218, 107, 128, 627, 38]
218
Entradas: [624, 947, 129]
Salidas: [110]
110
Entradas: [218, 747, 373, 433]
Salidas: [607, 1066, 413, 1034, 271]
607
Entradas: [110, 950, 809]
Salidas: [741, 523, 1057]
741
Entradas: [607, 539, 1091]
Salidas: [867, 390]
867
Entradas: [741, 1097, 393, 714]
Salidas: [1080, 281, 274, 173, 661, 950]
598
Entradas: [1063, 471, 65, 44, 731]
Salidas: [627]
627
Entradas: [598, 93, 624]
Salidas: [140, 267]
140
Entradas: [627, 256, 560, 1122]
Salidas: [847, 214, 563]
847
Entradas: [140, 101, 512, 301, 1008, 77]
Salidas: [1040, 69, 1104, 93, 86, 160]
1040
Entradas: [847, 149, 820, 328, 449, 416]
Salidas: [38, 248]
38
Entradas: [1040, 617, 511, 634, 770, 624]
Salidas: [674, 579, 638, 206]
674
Entradas: [38, 801, 301]
Salidas: [873, 456, 5, 740]
873
Entradas: [674, 183, 215, 711, 881, 236, 1075]
Salidas: [767, 1126]
767
Entradas: [873, 542, 321, 328, 915]
Salidas: [109, 501, 784]
109
Entradas: [767, 833, 811, 175]
Salidas: [901, 25, 673, 0, 791, 573]
901
Entradas: [109, 96, 840, 845]
Salidas: [783, 676, 1073, 907, 905, 989, 244]
783
Entradas: [901, 99, 1119, 939, 902]
Salidas: [108, 1038, 46, 320, 13]
108
Entradas: [783, 801, 143]
Salidas: [349, 890, 72, 51, 819]
349
Entradas: [108, 888, 424, 810]
Salidas: [145, 1075]
145
Entradas: [349, 260, 33, 937]
Salidas: [608, 57]
608
Entradas: [145, 48, 545, 255, 701, 1087]
Salidas: [799, 743]
799
Entradas: [608, 702, 235, 777, 80, 559]
Salidas: [991, 485]
991
Entradas: [799, 176, 383, 90, 776, 1008]
Salidas: [257, 52, 74]
257
Entradas: [991, 480, 206]
Salidas: [311, 1119]
311
Entradas: [257, 84, 898, 720, 1138, 160, 497]
Salidas: [619, 552, 466, 573, 551]
619
Entradas: [311, 526, 60, 498]
Salidas: [676, 1075]
1111
Entradas: [676, 407]
Salidas: [1130, 417, 1098, 41, 706]
1130
Entradas: [1111, 1118, 581]
Salidas: [888, 695, 285, 503, 200, 544]
888
Entradas: [1130, 237, 313, 907, 322, 227, 769]
Salidas: [349, 921, 455, 1006, 1106]
57
Entradas: [145, 527, 932, 752, 979]
Salidas: [184, 1085]
184
Entradas: [57, 356, 885, 170, 180, 637]
Salidas: [936, 96, 729, 240, 249, 116, 560]
936
Entradas: [184, 979, 99, 319, 826]
Salidas: [304, 152, 131]
304
Entradas: [936, 1064, 796]
Salidas: [1004, 249]
1004
Entradas: [304, 8, 701, 84, 1129, 643, 42]
Salidas: [947, 159, 399, 738, 205, 721, 361]
947
Entradas: [1004, 554, 951]
Salidas: [218, 152, 760]
1066
Entradas: [110, 206, 882, 1091]
Salidas: [950, 928, 325, 395, 1112, 807, 1010]
950
Entradas: [1066, 170, 231, 867]
Salidas: [182, 607, 796, 921]
182
Entradas: [950, 219, 658, 902]
Salidas: [269, 85, 495]
565
Entradas: [185, 30, 590, 74, 371, 970]
Salidas: [29, 663]
894
Entradas: [215, 697, 1078, 914, 395, 154]
Salidas: [149, 1010, 219, 1138]
149
Entradas: [894, 107, 816, 492, 870]
Salidas: [792, 1040, 290, 37, 94]
792
Entradas: [149, 883, 557, 493, 443]
Salidas: [332, 387, 994, 573]
332
Entradas: [792, 360]
Salidas: [714, 671, 920]
714
Entradas: [332, 504]
Salidas: [762, 173, 563, 126, 867]
762
Entradas: [714, 1046, 459]
Salidas: [506, 1089]
506
Entradas: [762, 692, 94, 521, 310, 89]
Salidas: [1006, 170, 836, 909, 282]
1006
Entradas: [506, 888, 39, 651]
Salidas: [862, 797, 1105, 484]
386
Entradas: [862, 199, 1126, 86, 165, 514, 996, 233]
Salidas: [387, 177, 389, 974, 197]
219
Entradas: [387, 468, 511, 894, 773]
Salidas: [688, 182, 1010, 205, 649, 560, 855]
688
Entradas: [219, 615, 686, 525, 33]
Salidas: [363, 727, 953, 239]
363
Entradas: [688, 190, 1038]
Salidas: [139, 620, 941, 717, 596]
139
Entradas: [363, 732, 534, 341]
Salidas: [921, 470, 552, 987, 573, 328, 325]
921
Entradas: [139, 203, 99, 888, 812, 950]
Salidas: [1090, 445, 237, 589]
1090
Entradas: [921, 487, 845, 78, 812]
Salidas: [114, 92]
114
Entradas: [1090]
Salidas: [351]
351
Entradas: [114, 916, 1049, 433, 449]
Salidas: [1100, 805]
1100
Entradas: [351, 172, 874]
Salidas: [955, 914]
955
Entradas: [1100, 64, 160]
Salidas: [64, 455, 512, 846, 687, 235]
64
Entradas: [955, 379, 473]
Salidas: [955, 516, 202, 670, 94, 50, 68]
455
Entradas: [955, 457, 346, 888, 960, 909, 893, 1115, 692, 828, 305]
Salidas: [889, 437, 664, 621, 117]
889
Entradas: [455, 923, 43, 488]
Salidas: [954, 508, 519, 68, 1002, 620, 796]
954
Entradas: [889, 798, 131, 775]
Salidas: [274, 1096, 370, 283, 185]
274
Entradas: [954, 497, 46, 1024, 174, 867, 561, 1092]
Salidas: [683, 233, 878, 251, 875, 814]
683
Entradas: [274, 1121, 756]
Salidas: [648, 1073, 622]
338
Entradas: [648, 1121, 666, 712]
Salidas: [125]
125
Entradas: [338, 676, 983, 470]
Salidas: [1129]
1129
Entradas: [125, 589, 310, 1]
Salidas: [56, 1105, 63, 50, 628, 1027, 1004]
56
Entradas: [1129, 252, 185, 521, 668]
Salidas: [298, 906, 1134, 1019, 55, 651, 731]
298
Entradas: [56, 925, 896, 641, 494, 170, 784]
Salidas: [752, 371]
752
Entradas: [298, 81, 866, 478, 266, 1022]
Salidas: [871, 403, 720, 136, 57, 704]
871
Entradas: [752, 1052, 965, 926, 911]
Salidas: [30, 224, 900, 800, 938, 59, 549, 585]
30
Entradas: [871, 843, 228, 737]
Salidas: [565, 503, 538]
663
Entradas: [565, 932, 175, 680]
Salidas: [73, 680, 339, 508]
73
Entradas: [663, 472]
Salidas: [439, 188, 636, 845, 116]
749
Entradas: [1025, 142, 975]
Salidas: [1014]
1014
Entradas: [749, 551]
Salidas: [708, 556, 35, 1056]
708
Entradas: [1014, 369, 914, 1038, 448, 1070]
Salidas: [62, 845, 63, 221, 530, 727]
62
Entradas: [708]
Salidas: [668, 302, 475]
668
Entradas: [62, 861, 264]
Salidas: [763, 771, 56, 680, 1122, 193]
763
Entradas: [668, 956, 527]
Salidas: [926]
926
Entradas: [763, 4, 734]
Salidas: [610, 259, 23, 871, 148]
738
Entradas: [610, 777, 176, 1004, 10]
Salidas: [679, 641]
679
Entradas: [738, 524, 723, 325]
Salidas: [636, 138, 781, 1126, 617]
636
Entradas: [679, 662, 73, 539, 206, 701]
Salidas: [133, 223, 659, 807, 251, 522]
133
Entradas: [636, 578, 630, 631]
Salidas: [533, 63, 0, 85, 60]
533
Entradas: [133, 927, 283, 172, 750]
Salidas: [744, 730, 247, 183, 350, 469, 407]
744
Entradas: [533, 686, 838, 413, 713]
Salidas: [1083, 903, 890, 699, 853]
1083
Entradas: [744, 633, 245, 190]
Salidas: [34, 1093, 201, 101, 90, 290]
34
Entradas: [1083, 193, 322, 68]
Salidas: [227, 809, 276]
227
Entradas: [34, 893, 234, 885, 1102, 963, 812]
Salidas: [1103, 930, 888]
259
Entradas: [429, 788, 747, 174, 31, 926, 95, 1074]
Salidas: [793, 165]
8
Entradas: [623, 798, 47, 1060, 1050]
Salidas: [478, 1004]
478
Entradas: [8, 532, 665]
Salidas: [337, 580, 752]
242
Entradas: [337, 953, 680, 9]
Salidas: [190]
190
Entradas: [242, 1034, 703]
Salidas: [396, 772, 273, 363, 891, 1083, 662]
396
Entradas: [190, 800, 760]
Salidas: [582]
582
Entradas: [396, 253, 835, 103, 1106, 862, 1094, 1122, 995]
Salidas: [998, 1041, 989, 377, 665, 1110, 560]
998
Entradas: [582, 748, 314, 796, 990]
Salidas: [235, 766, 121, 503, 476, 265]
235
Entradas: [998, 333, 1063, 51, 528, 955]
Salidas: [980, 341, 590, 799, 500]
980
Entradas: [235, 121, 175, 226]
Salidas: [800, 725]
800
Entradas: [980, 270, 111, 871, 640]
Salidas: [396]
1041
Entradas: [582, 554, 981, 583]
Salidas: [736]
736
Entradas: [1041, 902, 258]
Salidas: [662, 652, 633, 630, 508]
14
Entradas: [417, 759, 22, 348]
Salidas: [827, 467, 1061, 851, 155, 356, 376]
827
Entradas: [14, 969, 457, 737, 610, 371, 155]
Salidas: [195, 993, 4, 316, 966, 995]
195
Entradas: [827, 848, 541, 467, 420, 796]
Salidas: [678, 232, 513, 650, 67, 236, 780]
678
Entradas: [195, 343, 485, 415, 252, 975]
Salidas: [1099, 1118, 729]
1099
Entradas: [678, 543, 551, 740]
Salidas: [650, 595, 501, 557]
650
Entradas: [1099, 623, 4, 195, 1037]
Salidas: [12, 303]
12
Entradas: [650, 1134]
Salidas: [1043, 890]
1043
Entradas: [12, 632, 294]
Salidas: [286, 1013, 302, 591, 777]
286
Entradas: [1043, 280, 897]
Salidas: [770, 1005, 1127, 180, 1113]
770
Entradas: [286, 150, 268, 766]
Salidas: [364, 499, 21, 198, 38, 662, 581]
364
Entradas: [770]
Salidas: [932, 23, 1065]
932
Entradas: [364, 86, 244]
Salidas: [663, 57]
680
Entradas: [663, 874, 284, 1085, 668, 41]
Salidas: [613, 242, 663, 202, 477]
613
Entradas: [680, 333]
Salidas: [497, 535, 36]
497
Entradas: [613, 501, 163, 723, 903]
Salidas: [274, 745, 900, 456, 311]
718
Entradas: [233, 977, 316]
Salidas: [1132]
904
Entradas: [1132, 703, 448, 719, 1073, 597]
Salidas: [157]
475
Entradas: [157, 742, 930, 261, 1036, 529, 62, 489, 36, 597, 937]
Salidas: [591, 486, 322, 753]
591
Entradas: [475, 29, 554, 700, 103, 1043, 368]
Salidas: [550, 71, 599, 552, 378]
550
Entradas: [591, 864]
Salidas: [331]
331
Entradas: [550, 61, 330, 229]
Salidas: [144, 1018, 509]
144
Entradas: [331, 1096, 255, 369]
Salidas: [793, 365, 178, 382, 245]
824
Entradas: [793]
Salidas: [258, 484, 83, 781, 695, 449]
507
Entradas: [258, 46, 339, 807]
Salidas: [541, 615, 877, 426, 399, 362]
541
Entradas: [507, 797]
Salidas: [55, 63, 470, 195, 628, 464]
55
Entradas: [541, 56]
Salidas: [1045]
1045
Entradas: [55, 563]
Salidas: [860, 538, 368, 1058, 758, 357, 1000]
860
Entradas: [1045, 560]
Salidas: [681, 977, 996]
681
Entradas: [860, 569, 413, 118]
Salidas: [440, 255]
440
Entradas: [681, 1115, 761, 25]
Salidas: [579, 168, 398]
579
Entradas: [440, 38]
Salidas: [217]
217
Entradas: [579, 566]
Salidas: [574, 777, 719, 26]
574
Entradas: [217, 339, 82, 239, 985, 733]
Salidas: [825, 2, 906, 603, 391]
825
Entradas: [574, 402, 24, 313]
Salidas: [193, 464, 823, 511]
193
Entradas: [825, 1022, 616, 270, 222, 1131, 27, 668, 544]
Salidas: [34, 617, 609, 717, 466]
176
Entradas: [381, 246, 186]
Salidas: [991, 1071, 309, 738]
595
Entradas: [552, 823, 418, 1099, 562, 915, 310]
Salidas: [353, 167, 1052, 43, 603]
353
Entradas: [595, 846, 968]
Salidas: [129, 885, 95, 486]
129
Entradas: [353, 830, 887, 449]
Salidas: [165, 336, 218, 1126]
165
Entradas: [129, 259, 577, 252, 977]
Salidas: [1062, 675, 386, 844]
1062
Entradas: [165, 82, 104]
Salidas: [261]
261
Entradas: [1062, 1104, 885, 1108, 573, 336]
Salidas: [148, 475, 838, 851]
148
Entradas: [261, 774, 519, 1128, 994, 926]
Salidas: [826, 823]
826
Entradas: [148, 1028, 79]
Salidas: [65, 70, 788, 936, 929]
471
Entradas: [65, 355, 1021]
Salidas: [571, 598, 660]
571
Entradas: [471, 742, 564, 60]
Salidas: [435, 881]
435
Entradas: [571]
Salidas: [1025, 845, 660]
717
Entradas: [104, 879, 605, 626, 193, 363]
Salidas: [106, 447]
106
Entradas: [717, 358, 200]
Salidas: [230, 238, 881]
230
Entradas: [106, 93, 485, 445]
Salidas: [801, 590]
801
Entradas: [230, 787, 789, 807]
Salidas: [36, 108, 798, 588, 674, 631]
36
Entradas: [801, 613, 540]
Salidas: [273, 475, 1068, 882, 317, 622]
273
Entradas: [36, 906, 40, 190, 560]
Salidas: [887, 1101]
887
Entradas: [273, 753, 285, 463, 863, 876, 487]
Salidas: [1118, 129]
1118
Entradas: [887, 678, 972, 823]
Salidas: [676, 797, 1130, 1124, 358]
1020
Entradas: [906, 837, 581, 694]
Salidas: [205, 489, 797, 994, 956]
205
Entradas: [1020, 219, 1004, 672]
Salidas: [406]
771
Entradas: [406, 668, 239]
Salidas: [417, 629, 851]
1136
Entradas: [960, 675, 575, 1065]
Salidas: [179, 131, 654, 427]
962
Entradas: [179, 406, 372, 1088, 870]
Salidas: [281, 747]
281
Entradas: [962, 867, 387]
Salidas: [751, 266, 851]
751
Entradas: [281, 358]
Salidas: [514, 222, 841, 916]
633
Entradas: [369, 785, 726, 736, 807]
Salidas: [797, 367, 1083, 1089, 808, 1097]
797
Entradas: [633, 1118, 1094, 275, 1020, 1002, 1006, 535]
Salidas: [560, 654, 1019, 541, 1035, 238]
977
Entradas: [860, 328]
Salidas: [367, 823, 718, 165]
284
Entradas: [222, 953, 335, 695, 731]
Salidas: [84, 680]
84
Entradas: [284, 229, 713, 580, 494, 773]
Salidas: [311, 390, 642, 1126, 1052, 1004, 841]
466
Entradas: [311, 521, 156, 193]
Salidas: [356, 347, 213]
356
Entradas: [466, 231, 581, 742, 967, 14, 883]
Salidas: [184, 371, 774]
96
Entradas: [184, 224, 71, 924, 750, 676]
Salidas: [901, 812]
138
Entradas: [676, 989, 679]
Salidas: [429, 117, 511]
77
Entradas: [429, 874, 754]
Salidas: [1012, 1074, 847, 255]
1012
Entradas: [77, 67, 385, 538]
Salidas: [615, 71]
615
Entradas: [1012, 507, 378, 316, 428]
Salidas: [1115, 688, 256, 341, 252]
1115
Entradas: [615, 879, 931, 154, 548]
Salidas: [705, 775, 440, 424, 455, 920, 832]
705
Entradas: [1115, 676, 740, 547, 423, 1117, 72, 911]
Salidas: [554, 1105, 964, 512, 957]
554
Entradas: [705, 160, 1079, 1037, 776]
Salidas: [1039, 947, 402, 814, 1041, 591]
1039
Entradas: [554, 777, 453]
Salidas: [1034, 602, 969, 726, 520]
1034
Entradas: [1039, 110, 630, 853]
Salidas: [742, 86, 748, 851, 711, 190, 817]
742
Entradas: [1034, 173, 805, 651, 209]
Salidas: [198, 475, 571, 356, 712]
198
Entradas: [742, 874, 770, 746]
Salidas: [250, 961, 21]
250
Entradas: [198, 287, 853, 1025, 1053, 811, 774, 616]
Salidas: [95, 105, 1104, 425, 820]
95
Entradas: [250, 5, 353]
Salidas: [753, 88, 504, 259]
753
Entradas: [95, 475, 945, 516, 646, 37]
Salidas: [1088, 887, 568, 19, 523]
1088
Entradas: [753, 376, 915]
Salidas: [549, 220, 214, 816, 294, 1, 962]
549
Entradas: [1088, 869, 610, 871, 347]
Salidas: [171, 1113]
171
Entradas: [549, 189]
Salidas: [370]
370
Entradas: [171, 225, 776, 954, 427, 323]
Salidas: [788, 211, 1005, 374, 156, 1047, 123]
788
Entradas: [370, 826]
Salidas: [259, 490, 392, 897, 729, 1104]
361
Entradas: [215, 728, 470, 341, 764, 380, 362, 1004]
Salidas: [862, 1054, 128, 946, 519, 283, 6]
874
Entradas: [862, 156, 161, 1082, 383, 840, 599, 81, 791]
Salidas: [77, 198, 462, 680, 1100]
1074
Entradas: [77, 553, 592, 307, 449]
Salidas: [46, 780, 756, 259, 468]
46
Entradas: [1074, 1044, 783, 913, 780, 1015, 645, 672]
Salidas: [258, 274, 507]
413
Entradas: [110, 437, 515]
Salidas: [548, 681, 297, 341, 673, 697, 744]
548
Entradas: [413, 996, 649, 686, 1072, 289]
Salidas: [653, 1115]
653
Entradas: [548, 988, 599]
Salidas: [655]
655
Entradas: [653, 854]
Salidas: [111]
111
Entradas: [655, 1024]
Salidas: [192, 408, 800, 29, 868, 166, 267]
192
Entradas: [111, 316, 696]
Salidas: [1131, 530, 1044]
942
Entradas: [1131, 748, 1119, 603, 89]
Salidas: [916, 425, 589]
916
Entradas: [942, 31, 769, 751]
Salidas: [969, 351, 522]
969
Entradas: [916, 1102, 328, 375, 1039]
Salidas: [175, 827]
339
Entradas: [663, 715, 817, 13]
Salidas: [574, 113, 966, 507, 525, 107]
2
Entradas: [574, 878, 504, 1122]
Salidas: [141, 93, 151, 830]
141
Entradas: [2, 490]
Salidas: [882, 604]
882
Entradas: [141, 36, 80]
Salidas: [477, 1066]
477
Entradas: [882, 1094, 45, 680]
Salidas: [1081, 1042, 146, 835]
1081
Entradas: [477, 52, 952, 618]
Salidas: [1035]
1035
Entradas: [1081, 797, 843]
Salidas: [1027, 685, 505, 54, 1096]
1027
Entradas: [1035, 1129]
Salidas: [635, 329, 130, 988, 426]
635
Entradas: [1027, 1078]
Salidas: [188]
188
Entradas: [635, 73, 855]
Salidas: [172]
172
Entradas: [188, 551, 500, 253]
Salidas: [1100, 766, 473, 533]
512
Entradas: [955, 705, 594, 603]
Salidas: [676, 847, 266]
577
Entradas: [209, 411, 49, 443]
Salidas: [1007, 24, 112, 165, 612]
1007
Entradas: [577, 54]
Salidas: [704]
504
Entradas: [677, 1104, 95]
Salidas: [1050, 2, 758, 154, 714, 260]
1050
Entradas: [504, 786, 97]
Salidas: [1000, 621, 828, 8, 993]
1000
Entradas: [1050, 903, 981, 107, 308, 646, 1045]
Salidas: [40]
40
Entradas: [1000, 831, 1071, 652]
Salidas: [987, 529, 273, 382, 232]
987
Entradas: [40, 641, 139]
Salidas: [51, 467, 596, 1065]
51
Entradas: [987, 278, 995, 329, 488, 108]
Salidas: [508, 235, 357, 20, 294]
586
Entradas: [508, 600, 464]
Salidas: [664, 694, 1047, 807]
664
Entradas: [586, 737, 1022, 590, 455, 665]
Salidas: [659]
659
Entradas: [664, 636, 505]
Salidas: [409, 670, 113]
103
Entradas: [409, 698]
Salidas: [438, 805, 582, 591, 632, 505, 472]
160
Entradas: [928, 405, 97, 371, 319, 156, 832, 847]
Salidas: [554, 849, 955, 481, 1138, 450, 311]
402
Entradas: [554, 375, 529]
Salidas: [825, 294, 978, 791, 135]
464
Entradas: [825, 541]
Salidas: [200, 649, 586, 234]
200
Entradas: [464, 844, 569, 1130, 449]
Salidas: [834, 775, 106]
834
Entradas: [200, 472]
Salidas: [1044]
1044
Entradas: [834, 233, 192, 35]
Salidas: [46, 232, 287, 861, 840, 1001, 105]
232
Entradas: [1044, 195, 40, 621, 183, 658]
Salidas: [605, 813, 120, 986]
76
Entradas: [605, 729, 283, 1026]
Salidas: [731, 112, 645, 308, 654, 898]
731
Entradas: [76, 56]
Salidas: [986, 773, 598, 284]
986
Entradas: [731, 232, 206]
Salidas: [848]
848
Entradas: [986, 467, 147, 601, 42]
Salidas: [195, 983, 522]
813
Entradas: [232, 45, 551]
Salidas: [158, 983, 865]
158
Entradas: [813, 347]
Salidas: [798, 739, 427, 1089, 334]
798
Entradas: [158, 410, 801, 336]
Salidas: [8, 954, 359, 26, 896]
159
Entradas: [1004, 72, 122, 990]
Salidas: [760]
760
Entradas: [159, 394, 1119, 240, 7, 947]
Salidas: [523, 396, 657]
523
Entradas: [760, 607, 753, 395]
Salidas: [837, 503]
489
Entradas: [1020, 821, 240, 233, 291]
Salidas: [280, 768, 187, 474, 475, 498, 966]
213
Entradas: [280, 142, 28, 466, 734, 240]
Salidas: [923, 63, 228, 876, 335, 846]
923
Entradas: [213, 602, 775, 264]
Salidas: [889, 903, 1124, 519, 747, 761, 1015]
551
Entradas: [508, 311]
Salidas: [495, 172, 1014, 817, 1099, 1052, 813]
495
Entradas: [551, 1048, 146, 182, 1078, 210, 803]
Salidas: [35, 352, 956, 1053, 505, 1070]
35
Entradas: [495, 960, 746, 1014, 911]
Salidas: [979, 596, 375, 877, 442, 1044]
979
Entradas: [35, 126, 637, 31, 1032, 706]
Salidas: [697, 107, 936, 277, 282, 57]
697
Entradas: [979, 161, 413]
Salidas: [925, 894, 80, 935, 538]
925
Entradas: [697, 1082, 924, 249, 876, 956, 899]
Salidas: [83, 298, 1116, 1001]
83
Entradas: [925, 824, 377, 37]
Salidas: [152, 924]
152
Entradas: [83, 936, 457, 947, 890, 513]
Salidas: [280, 309, 594]
342
Entradas: [280]
Salidas: [886, 254]
886
Entradas: [342, 597, 105, 403]
Salidas: [676, 293, 314, 468, 47, 97]
18
Entradas: [1105, 672]
Salidas: [946, 690]
946
Entradas: [18, 529, 361]
Salidas: [416]
416
Entradas: [946, 445, 759, 360]
Salidas: [1119, 530, 1040]
173
Entradas: [1119, 524, 297, 631, 867, 714]
Salidas: [742, 463]
486
Entradas: [475, 420, 382, 1109, 353, 459]
Salidas: [821, 576]
821
Entradas: [486, 1042, 1051, 973]
Salidas: [489, 54]
768
Entradas: [489, 570, 391]
Salidas: [930]
930
Entradas: [768, 903, 227, 441]
Salidas: [475, 11]
322
Entradas: [475, 90]
Salidas: [878, 1114, 888, 857, 34]
878
Entradas: [322, 274, 264, 98, 701, 1128]
Salidas: [2, 137, 578, 214, 725, 436]
93
Entradas: [2, 847, 468, 774, 323]
Salidas: [230, 627, 787, 458]
590
Entradas: [230, 235, 1049, 288]
Salidas: [896, 565, 664]
896
Entradas: [590, 377, 462, 798, 498]
Salidas: [469, 703, 298, 851, 823, 417]
469
Entradas: [896, 243, 580, 533]
Salidas: [350, 628]
350
Entradas: [469, 112, 26, 606, 327, 784, 533, 229]
Salidas: [777, 720, 31, 49, 208, 747]
777
Entradas: [350, 217, 643, 524, 430, 1043]
Salidas: [1039, 309, 738, 1068, 799]
86
Entradas: [1034, 462, 637, 847]
Salidas: [672, 386, 656, 932]
672
Entradas: [86, 735, 1109]
Salidas: [48, 692, 508, 18, 205, 46]
52
Entradas: [991, 913, 360]
Salidas: [1081, 279, 861]
846
Entradas: [685, 1003, 955, 938, 119, 99, 213]
Salidas: [353, 944]
156
Entradas: [661, 297, 370, 845, 918]
Salidas: [874, 157, 520, 698, 466, 160, 596]
961
Entradas: [198, 1067, 476, 559, 654]
Salidas: [291, 326, 555, 1080, 866]
291
Entradas: [961, 484, 368]
Salidas: [851, 836, 730, 722, 489, 461]
851
Entradas: [291, 261, 14, 896, 1034, 498, 281, 771]
Salidas: [875, 790, 764, 520, 381]
875
Entradas: [851, 274, 194, 597]
Salidas: [1067, 570, 234, 861, 68, 174]
1067
Entradas: [875, 614, 545, 59, 1011, 720, 1128, 808]
Salidas: [961, 246, 4, 761, 535, 938]
326
Entradas: [961, 789, 511]
Salidas: [170, 181, 453, 81, 212]
170
Entradas: [326, 506, 706]
Salidas: [54, 950, 184, 298, 445, 60]
54
Entradas: [170, 444, 570, 1035, 821]
Salidas: [775, 711, 1007]
775
Entradas: [54, 1115, 321, 318, 200]
Salidas: [164, 1075, 345, 954, 773, 923]
164
Entradas: [775, 600]
Salidas: [593, 572, 905, 823, 395]
593
Entradas: [164, 984, 995]
Salidas: [789, 1037, 246]
789
Entradas: [593, 805, 862]
Salidas: [408, 963, 326, 801, 810]
408
Entradas: [789, 111, 843]
Salidas: [465, 524, 445]
465
Entradas: [408, 719, 1001, 858, 208, 1]
Salidas: [203, 94]
203
Entradas: [465, 444, 389, 539, 423, 870, 454, 155]
Salidas: [240, 224, 921]
240
Entradas: [203, 184]
Salidas: [564, 489, 966, 924, 760, 213]
564
Entradas: [240, 618, 587, 493]
Salidas: [943, 571, 225, 101, 293, 59, 167]
943
Entradas: [564, 360, 79, 654, 897]
Salidas: [509, 852, 42]
509
Entradas: [943, 331]
Salidas: [1024, 959, 277, 642, 44]
722
Entradas: [233, 366, 291]
Salidas: [275, 1052]
275
Entradas: [722, 643]
Salidas: [1, 797, 632, 1103, 1105]
1
Entradas: [275, 276, 1088, 968, 26]
Salidas: [185, 716, 1028, 1129, 465, 405]
830
Entradas: [29, 441, 312, 252, 178, 1030, 780, 1121, 2]
Salidas: [1101, 129]
1101
Entradas: [830, 563, 273, 559]
Salidas: [1009, 1011]
1009
Entradas: [1101, 852, 940, 143]
Salidas: [399, 816, 605]
399
Entradas: [1009, 1004, 4, 507, 433, 307]
Salidas: [1078, 993, 335, 74, 755, 838, 626]
1078
Entradas: [399, 168, 761, 398, 814, 872, 1072, 233, 1120]
Salidas: [71, 285, 894, 876, 495, 1048, 635]
128
Entradas: [71, 361, 774, 624, 562, 632]
Salidas: [686, 457, 820]
686
Entradas: [128, 909]
Salidas: [48, 537, 548, 688, 744]
345
Entradas: [179, 348, 775, 183, 982]
Salidas: [324, 67, 105, 592, 805, 450]
324
Entradas: [345, 194, 559, 463, 1109]
Salidas: [1071]
1071
Entradas: [324, 176, 698, 647, 671, 757]
Salidas: [539, 677, 462, 40, 1032, 866]
539
Entradas: [1071, 329, 1060, 907, 699]
Salidas: [58, 203, 636, 741, 740]
58
Entradas: [539, 720, 766]
Salidas: [1024, 177, 914, 576, 72, 778]
524
Entradas: [408, 197]
Salidas: [173, 679, 616, 777, 256]
463
Entradas: [173, 559, 290, 81]
Salidas: [447, 101, 887, 115, 324]
447
Entradas: [463, 717, 780, 22, 481, 272]
Salidas: [728, 502, 126, 1064]
728
Entradas: [447, 958, 859, 401, 995, 983]
Salidas: [361, 1019, 698, 829]
320
Entradas: [1054, 783, 709]
Salidas: [9, 3]
9
Entradas: [320, 508, 383]
Salidas: [642, 845, 280, 124, 242]
642
Entradas: [9, 933, 84, 509, 168]
Salidas: [1055, 32, 59]
1055
Entradas: [642, 323, 214, 755, 131, 897]
Salidas: [270, 995, 737, 637, 299, 935]
270
Entradas: [1055, 1024, 1131]
Salidas: [800, 779, 193, 3]
989
Entradas: [582, 535, 901]
Salidas: [138, 1086]
115
Entradas: [1123, 178, 463, 146]
Salidas: [253, 641]
253
Entradas: [115, 892]
Salidas: [582, 63, 914, 172]
377
Entradas: [582, 343]
Salidas: [896, 740, 83, 409, 747]
703
Entradas: [896, 1057]
Salidas: [904, 21, 190]
199
Entradas: [157, 181, 404, 657, 341, 307, 444, 496, 832]
Salidas: [386, 649, 938]
177
Entradas: [386, 58, 348, 984]
Salidas: [840, 70]
840
Entradas: [177, 951, 374, 545, 1044]
Salidas: [901, 733, 580, 411, 428, 874, 1085]
467
Entradas: [14, 987, 520, 88, 815]
Salidas: [848, 968, 195]
729
Entradas: [1094, 184, 583, 678, 337, 79, 788]
Salidas: [689, 505, 130, 76, 644, 614, 243]
689
Entradas: [729, 995, 858]
Salidas: [228]
228
Entradas: [689, 213, 424]
Salidas: [1127, 30, 415, 553, 297]
1127
Entradas: [228, 286, 197]
Salidas: [118]
118
Entradas: [1127, 917, 355, 592]
Salidas: [231, 818, 984, 681]
231
Entradas: [118, 343, 6, 50]
Salidas: [356, 1091, 267, 950, 1098]
505
Entradas: [729, 1035, 790, 495, 103]
Salidas: [53, 59, 659, 899]
53
Entradas: [505, 934]
Salidas: [531, 365, 150, 0, 201, 670]
975
Entradas: [1061, 951, 766, 119, 272]
Salidas: [280, 519, 1029, 678, 749]
11
Entradas: [930, 169, 832]
Salidas: [1076, 1135]
1076
Entradas: [11, 993, 864, 446, 146, 340, 239, 47, 692]
Salidas: [978, 387, 566, 272, 446]
978
Entradas: [1076, 852, 402]
Salidas: [407, 779, 721, 527, 68, 1057, 336]
407
Entradas: [978, 132, 533]
Salidas: [206, 818, 881, 974, 0, 1111]
206
Entradas: [407, 808, 38, 651, 151]
Salidas: [990, 1066, 636, 986, 967, 137, 257]
990
Entradas: [206, 676, 1091]
Salidas: [903, 1003, 159, 239, 1087, 998, 130]
1135
Entradas: [11, 75]
Salidas: [560, 1082]
394
Entradas: [175, 392, 385, 562]
Salidas: [760, 105, 437]
766
Entradas: [998, 172, 525, 604, 1109]
Salidas: [1052, 881, 58, 975, 756, 806, 770]
1052
Entradas: [766, 595, 72, 722, 168, 1073, 84, 551, 502]
Salidas: [444, 869, 1046, 871]
444
Entradas: [1052, 966, 1033, 803]
Salidas: [203, 54, 199]
224
Entradas: [203, 883, 871]
Salidas: [96, 132, 530, 604]
1073
Entradas: [901, 683, 1056]
Salidas: [725, 880, 1052, 575, 910, 216, 904]
725
Entradas: [1073, 980, 656, 621, 123, 878]
Salidas: [610, 1049]
658
Entradas: [610, 433, 812]
Salidas: [287, 182, 995, 395, 963, 232]
287
Entradas: [658, 1044, 101, 817, 162, 769]
Salidas: [250, 7, 355, 292, 344]
105
Entradas: [250, 394, 345, 462, 366, 1044]
Salidas: [431, 142, 886]
431
Entradas: [105, 68, 865]
Salidas: [908]
908
Entradas: [431, 665]
Salidas: [518, 419, 321, 657]
518
Entradas: [908, 616]
Salidas: [229, 481, 438]
229
Entradas: [518, 592, 944, 1031]
Salidas: [84, 82, 451, 66, 350, 331]
390
Entradas: [84, 445, 609, 741, 327, 362, 321]
Salidas: [1133, 721, 543, 202, 696, 89]
1133
Entradas: [390, 787, 759]
Salidas: [378]
378
Entradas: [1133, 87, 418, 812, 427, 591]
Salidas: [615]
303
Entradas: [650, 309, 532, 1003]
Salidas: [972, 938, 498]
972
Entradas: [303, 10]
Salidas: [1137, 1118, 130, 1033]
1137
Entradas: [972, 269, 656]
Salidas: [589, 544]
425
Entradas: [942, 761, 519, 255, 250, 272]
Salidas: [748, 576]
748
Entradas: [425, 1034, 61]
Salidas: [942, 998, 357, 189]
805
Entradas: [351, 103, 360, 1082, 345]
Salidas: [789, 742, 147, 31, 754]
963
Entradas: [789, 1082, 816, 881, 611, 630, 98, 773, 658]
Salidas: [563, 856, 996, 625, 227, 1134]
563
Entradas: [963, 939, 140, 714]
Salidas: [1101, 669, 1045]
373
Entradas: [410, 290, 136, 566, 666, 538]
Salidas: [441, 919, 166, 110, 1031]
441
Entradas: [373, 271, 1015, 355, 150]
Salidas: [830, 452, 675, 930]
336
Entradas: [129, 479, 97, 521, 978]
Salidas: [761, 316, 907, 798, 261]
761
Entradas: [336, 1067, 923, 1102, 313]
Salidas: [425, 1078, 868, 440]
576
Entradas: [425, 486, 15, 58, 700]
Salidas: [723, 451, 651, 439, 453]
1036
Entradas: [723, 247, 553]
Salidas: [558, 475, 516]
558
Entradas: [1036, 318]
Salidas: [852, 584, 359, 811]
852
Entradas: [558, 941, 943]
Salidas: [169, 1009, 622, 978]
169
Entradas: [852, 675, 621, 759]
Salidas: [11, 410]
255
Entradas: [681, 872, 575, 39, 77, 631]
Salidas: [710, 17, 144, 494, 425, 608]
710
Entradas: [255, 107, 314, 781, 842]
Salidas: [405, 401, 779, 142, 1126, 323, 120]
405
Entradas: [710, 583, 1108, 1]
Salidas: [160, 223, 249, 892]
849
Entradas: [160, 428, 902]
Salidas: [391]
391
Entradas: [849, 154, 958, 574]
Salidas: [360, 820, 935, 885, 768]
360
Entradas: [391, 606, 1106, 123, 876]
Salidas: [983, 805, 943, 416, 332, 52]
333
Entradas: [983, 223]
Salidas: [235, 289, 404, 613, 10]
740
Entradas: [377, 649, 781, 249, 539, 674]
Salidas: [705, 519, 769, 1099, 832]
964
Entradas: [705, 733]
Salidas: [168]
150
Entradas: [785, 53, 706]
Salidas: [770, 421, 727, 441, 183, 690]
1121
Entradas: [499, 1025, 843, 99, 185]
Salidas: [683, 338, 397, 830]
880
Entradas: [1073, 492]
Salidas: [701, 793]
701
Entradas: [880, 814, 828]
Salidas: [1004, 480, 316, 13, 878, 608, 636]
993
Entradas: [399, 827, 282, 1050]
Salidas: [1113, 1076]
412
Entradas: [917, 60, 670]
Salidas: [183, 201, 1120, 569]
183
Entradas: [412, 151, 758, 976, 533, 1042, 756, 150, 695]
Salidas: [873, 1017, 1105, 232, 318, 345]
1126
Entradas: [873, 129, 84, 974, 679, 710]
Salidas: [424, 386, 178, 249, 599, 59, 1064]
424
Entradas: [1126, 1115, 843, 112, 430]
Salidas: [349, 228, 707, 251]
1075
Entradas: [349, 246, 619, 237, 222, 775]
Salidas: [546, 702, 375, 473, 900, 873]
1060
Entradas: [546, 459, 10]
Salidas: [302, 539, 8, 521]
302
Entradas: [1060, 62, 596, 1043, 696]
Salidas: [557, 782, 487, 321, 323, 931, 733]
557
Entradas: [302, 1099, 279]
Salidas: [457, 792, 920, 1002, 252]
457
Entradas: [557, 128, 1032, 745]
Salidas: [462, 455, 152, 827, 796, 403]
462
Entradas: [457, 1071, 874, 829]
Salidas: [759, 906, 86, 896, 105, 532]
759
Entradas: [462, 810, 301]
Salidas: [14, 416, 169, 968, 1133]
32
Entradas: [1061, 642, 866, 519]
Salidas: [317]
317
Entradas: [32, 36, 23]
Salidas: [335, 1022]
335
Entradas: [317, 399, 213, 719]
Salidas: [510, 820, 284]
154
Entradas: [510, 662, 504]
Salidas: [769, 621, 391, 208, 1115, 365, 894]
769
Entradas: [154, 740, 670, 739]
Salidas: [327, 660, 916, 287, 888, 592, 215]
196
Entradas: [597, 639, 1105, 476]
Salidas: [294]
294
Entradas: [196, 1088, 51, 402, 764]
Salidas: [968, 306, 1043]
638
Entradas: [454, 132, 38, 735]
Salidas: [959]
959
Entradas: [638, 509, 885]
Salidas: [248, 221, 379, 163]
248
Entradas: [959, 1040, 1096, 657]
Salidas: [927]
927
Entradas: [248, 210]
Salidas: [784, 533, 260, 233, 186, 879]
784
Entradas: [927, 767, 862, 121, 776]
Salidas: [907, 992, 348, 350, 298, 626]
907
Entradas: [784, 901, 336, 487, 246]
Salidas: [459, 888, 525, 539]
459
Entradas: [907, 1053, 1017]
Salidas: [1033, 762, 486, 1060]
1033
Entradas: [459, 924, 972]
Salidas: [614, 643, 444]
614
Entradas: [1033, 639, 729, 422]
Salidas: [1067, 346]
246
Entradas: [1067, 812, 593]
Salidas: [176, 1075, 1093, 773, 381, 684, 907]
1079
Entradas: [546, 220]
Salidas: [1134, 554]
1134
Entradas: [1079, 56, 592, 963]
Salidas: [12, 691, 1093, 756]
1005
Entradas: [286, 370, 716, 146]
Salidas: [82, 1094, 460, 839]
82
Entradas: [1005, 968, 229]
Salidas: [1062, 574, 831]
637
Entradas: [417, 1055, 260, 289, 1042]
Salidas: [628, 979, 419, 86, 184, 299, 687]
628
Entradas: [637, 541, 1129, 1018, 469, 1108]
Salidas: [401, 6, 189, 498]
401
Entradas: [628, 710, 4]
Salidas: [1069, 13, 728, 864]
1069
Entradas: [401]
Salidas: [1031]
1031
Entradas: [1069, 373]
Salidas: [687, 453, 229, 374, 976]
75
Entradas: [211, 1114, 559, 410, 282]
Salidas: [1135, 305, 553, 142, 98]
1082
Entradas: [1135, 24]
Salidas: [925, 963, 874, 805, 895]
924
Entradas: [83, 240]
Salidas: [1085, 925, 1033, 96, 1065]
1085
Entradas: [924, 596, 57, 840]
Salidas: [764, 606, 1120, 680, 87]
764
Entradas: [1085, 851, 42]
Salidas: [87, 803, 361, 294, 618]
87
Entradas: [764, 17, 415, 521, 1085]
Salidas: [378, 643, 81, 796, 553]
256
Entradas: [615, 389, 618, 524, 632, 369]
Salidas: [140]
69
Entradas: [847]
Salidas: [938, 389, 915, 622]
938
Entradas: [69, 187, 199, 303, 1067, 871]
Salidas: [545, 367, 846, 583, 900]
545
Entradas: [938, 446]
Salidas: [1067, 608, 840, 866]
4
Entradas: [1067, 827, 900, 226]
Salidas: [1054, 967, 399, 650, 401, 926, 538]
389
Entradas: [386, 69, 632]
Salidas: [203, 197, 256, 94, 1114, 866]
445
Entradas: [921, 408, 415, 170, 194]
Salidas: [390, 416, 596, 78, 230]
721
Entradas: [390, 1010, 978, 544, 1004]
Salidas: [519, 312, 623, 600, 267]
519
Entradas: [721, 757, 740, 975, 889, 923, 743, 361, 909]
Salidas: [1087, 425, 1104, 148, 676, 32, 1123]
1087
Entradas: [519, 990]
Salidas: [1089, 247, 481, 398, 706, 608, 153]
1089
Entradas: [1087, 633, 762, 158, 328]
Salidas: [327]
881
Entradas: [571, 766, 106, 532, 407]
Salidas: [433, 963, 873]
433
Entradas: [881, 634]
Salidas: [658, 119, 110, 496, 351, 399, 617]
1104
Entradas: [250, 847, 519, 788]
Salidas: [261, 504, 191, 690]
858
Entradas: [1114, 216, 301, 237]
Salidas: [65, 465, 529, 689]
787
Entradas: [410, 93, 279, 900]
Salidas: [776, 682, 1133, 1015, 801, 809]
776
Entradas: [787, 59, 984]
Salidas: [142, 446, 370, 991, 784, 554]
142
Entradas: [776, 105, 710, 75]
Salidas: [213, 749, 866]
63
Entradas: [213, 253, 221, 708, 541, 1129, 133, 651, 945]
Salidas: [698]
698
Entradas: [63, 156, 544, 728, 278, 918, 216]
Salidas: [675, 1071, 103]
675
Entradas: [698, 165, 441]
Salidas: [169, 81, 1136]
371
Entradas: [298, 356, 909, 547]
Salidas: [392, 971, 565, 47, 160, 214, 827]
392
Entradas: [371, 788]
Salidas: [892, 694, 394, 552]
892
Entradas: [392, 405, 1015]
Salidas: [253, 952]
121
Entradas: [998, 1122]
Salidas: [980, 806, 784, 1117]
1049
Entradas: [725]
Salidas: [323, 351, 590, 442]
323
Entradas: [1049, 542, 302, 710]
Salidas: [1055, 601, 665, 370, 93]
995
Entradas: [1055, 214, 481, 658, 368, 827, 443]
Salidas: [611, 51, 689, 652, 582, 728, 593]
611
Entradas: [995, 380, 666]
Salidas: [329, 963, 1042, 850]
329
Entradas: [611, 1027, 513, 900]
Salidas: [539, 51, 630, 618, 380]
856
Entradas: [963, 1037, 640]
Salidas: [520]
520
Entradas: [856, 470, 156, 851, 666, 443, 1039]
Salidas: [815, 583, 568, 467]
815
Entradas: [520, 1107, 354]
Salidas: [720, 467]
720
Entradas: [815, 350, 752]
Salidas: [857, 58, 702, 1067, 311]
1097
Entradas: [857, 498, 1002, 633, 910]
Salidas: [867, 191, 527]
845
Entradas: [708, 9, 435, 973, 773, 73]
Salidas: [648, 1090, 901, 1013, 829, 156]
112
Entradas: [76, 843, 577, 544]
Salidas: [864, 350, 288, 424, 988, 492, 1132]
864
Entradas: [112, 1068, 401]
Salidas: [550, 933, 1076, 897]
1018
Entradas: [331, 305, 909, 17]
Salidas: [94, 628]
94
Entradas: [1018, 465, 99, 765, 389, 64, 149]
Salidas: [85, 264, 795, 506, 781, 347]
966
Entradas: [240, 339, 215, 827, 489]
Salidas: [444, 78, 1001]
711
Entradas: [54, 949, 1034]
Salidas: [873, 758]
745
Entradas: [497, 126]
Salidas: [957, 649, 790, 457]
529
Entradas: [40, 585, 1015, 858]
Salidas: [1107, 946, 475, 318, 233, 402]
1107
Entradas: [529, 421, 895]
Salidas: [243, 804, 815]
243
Entradas: [1107, 729]
Salidas: [719, 469, 460, 1048]
719
Entradas: [243, 429, 217]
Salidas: [575, 465, 308, 734, 335, 904]
575
Entradas: [719, 147, 1073]
Salidas: [5, 255, 72, 1136, 956, 515]
5
Entradas: [575, 398, 365, 674]
Salidas: [499, 95, 1102, 1095]
221
Entradas: [959, 756, 708, 262]
Salidas: [63, 245, 1047, 315, 485]
147
Entradas: [805]
Salidas: [848, 575, 355, 669, 124]
522
Entradas: [848, 916, 636, 295, 691, 919]
Salidas: [48, 836]
743
Entradas: [608]
Salidas: [21, 519]
21
Entradas: [743, 198, 703, 770, 234, 859]
Salidas: [662]
621
Entradas: [154, 671, 1050, 455, 366, 234]
Salidas: [169, 725, 232, 521, 999]
868
Entradas: [410, 111, 761, 726]
Salidas: [630, 790]
630
Entradas: [868, 736, 329]
Salidas: [1093, 963, 1034, 133]
1093
Entradas: [630, 1083, 822, 1134, 246, 1065]
Salidas: [403, 592, 117, 773]
567
Entradas: [403, 911]
Salidas: [376]
376
Entradas: [567, 14]
Salidas: [1088]
220
Entradas: [1088, 379]
Salidas: [1079]
649
Entradas: [464, 745, 199, 74, 201, 219]
Salidas: [933, 740, 548]
933
Entradas: [649, 864]
Salidas: [642, 1098]
1022
Entradas: [317, 313]
Salidas: [193, 664, 439, 306, 400, 752]
163
Entradas: [387, 959]
Salidas: [903, 1114, 497]
566
Entradas: [1076, 214, 289, 276]
Salidas: [369, 217, 126, 24, 373, 366]
919
Entradas: [373, 616, 796]
Salidas: [559, 23, 67, 60, 522]
559
Entradas: [919, 166, 694]
Salidas: [463, 1057, 324, 75, 1101, 961, 799]
502
Entradas: [447, 325, 734]
Salidas: [914, 690, 113, 1052]
914
Entradas: [502, 844, 58, 253, 1100]
Salidas: [708, 894, 583, 365]
682
Entradas: [787, 295, 3]
Salidas: [418]
418
Entradas: [682, 239]
Salidas: [378, 595, 958]
953
Entradas: [688, 24, 906, 917, 426]
Salidas: [238, 284, 242]
238
Entradas: [953, 106, 797]
Salidas: [843]
843
Entradas: [238, 43, 754]
Salidas: [30, 408, 112, 1035, 1121, 424]
503
Entradas: [30, 998, 523, 293, 1130, 1131]
Salidas: [99]
99
Entradas: [503, 340]
Salidas: [553, 783, 921, 94, 1121, 936, 846]
553
Entradas: [99, 877, 75, 228, 87]
Salidas: [569, 92, 515, 26, 1074, 1036]
569
Entradas: [553, 691, 755, 423, 432, 412]
Salidas: [681, 656, 200, 535]
117
Entradas: [589, 138, 1093, 455]
Salidas: [421]
421
Entradas: [117, 670, 150]
Salidas: [1107]
312
Entradas: [721]
Salidas: [830, 233]
178
Entradas: [1126, 790, 144]
Salidas: [452, 934, 115, 830]
452
Entradas: [178, 441]
Salidas: [996, 715]
596
Entradas: [665, 35, 445, 534, 485, 987, 895, 156, 363]
Salidas: [276, 691, 216, 22, 302, 330, 1085]
276
Entradas: [596, 34]
Salidas: [1, 566, 410, 415]
716
Entradas: [1, 13, 620]
Salidas: [616, 1005]
616
Entradas: [716, 804, 524, 346]
Salidas: [193, 518, 71, 381, 739, 919, 250]
617
Entradas: [193, 453, 487, 679, 433]
Salidas: [816, 38, 685]
816
Entradas: [617, 1009, 1088]
Salidas: [963, 149, 960]
174
Entradas: [903, 1096, 958, 875]
Salidas: [713, 259, 262, 274, 100, 71]
713
Entradas: [174]
Salidas: [84, 833, 744]
521
Entradas: [1105, 296, 621, 863, 19, 1060]
Salidas: [466, 804, 56, 506, 336, 87]
347
Entradas: [466, 155, 308, 94]
Salidas: [395, 158, 307, 549]
395
Entradas: [347, 1066, 658, 164, 7]
Salidas: [514, 293, 894, 917, 523]
252
Entradas: [615, 557]
Salidas: [830, 56, 870, 678, 165, 89]
285
Entradas: [410, 1078, 1130, 897]
Salidas: [887, 811, 525, 325]
81
Entradas: [675, 956, 326, 1015, 365, 87, 292]
Salidas: [752, 581, 90, 1053, 874, 463, 493]
583
Entradas: [520, 37, 914, 938]
Salidas: [729, 405, 1041, 654]
130
Entradas: [729, 1030, 1027, 972, 990]
Salidas: [179, 905]
67
Entradas: [345, 919, 195, 872, 1013]
Salidas: [911, 1011, 929, 1012, 657]
911
Entradas: [67, 905]
Salidas: [567, 705, 78, 35, 871]
214
Entradas: [1088, 204, 140, 878, 371]
Salidas: [566, 1055, 995, 600, 374, 956]
691
Entradas: [596, 1134, 656, 258, 609]
Salidas: [569, 639, 589, 1016, 522]
31
Entradas: [805, 350, 1059]
Salidas: [107, 259, 916, 979, 337, 511]
107
Entradas: [31, 979, 624, 339]
Salidas: [149, 710, 1001, 1000, 236, 809, 381]
730
Entradas: [533, 1057, 1070, 291, 481]
Salidas: [1138, 233, 850, 527]
1138
Entradas: [730, 160, 757, 894]
Salidas: [612, 1070, 311]
612
Entradas: [1138, 577]
Salidas: [468]
468
Entradas: [612, 886, 1074]
Salidas: [219, 93, 310]
547
Entradas: [85, 1095]
Salidas: [705, 859, 371, 233, 592]
446
Entradas: [776, 454, 1076, 143]
Salidas: [545, 1076]
33
Entradas: [723, 27]
Salidas: [707, 145, 688]
707
Entradas: [33, 278, 424]
Salidas: [976]
976
Entradas: [707, 201, 1031, 828]
Salidas: [958, 183]
958
Entradas: [976, 418, 610]
Salidas: [728, 391, 37, 174, 226]
437
Entradas: [455, 394, 365]
Salidas: [413, 239, 599]
28
Entradas: [654, 365, 1102, 651, 23]
Salidas: [213, 772]
1038
Entradas: [783, 844, 292]
Salidas: [708, 363]
151
Entradas: [2, 382, 654, 513, 372]
Salidas: [183, 49, 785, 202, 1125, 206, 1119]
1017
Entradas: [183, 113]
Salidas: [297, 732, 1110, 459, 510]
297
Entradas: [1017, 931, 413, 228, 1109]
Salidas: [156, 173, 884]
348
Entradas: [157, 784, 453]
Salidas: [479, 345, 177, 774, 14]
316
Entradas: [336, 823, 827, 701]
Salidas: [615, 192, 718]
249
Entradas: [1126, 304, 184, 92, 405, 180]
Salidas: [388, 283, 1015, 740, 925, 267, 594]
757
Entradas: [388, 791]
Salidas: [519, 341, 806, 1138, 1071]
247
Entradas: [1087, 533]
Salidas: [126, 1036]
126
Entradas: [247, 585, 447, 566, 485, 714]
Salidas: [979, 745, 940, 877]
13
Entradas: [401, 783, 884, 701]
Salidas: [318, 716, 339]
318
Entradas: [13, 529, 183, 829, 426]
Salidas: [558, 186, 836, 775, 1092]
584
Entradas: [558, 704, 910, 488]
Salidas: [225, 26]
225
Entradas: [584, 564, 829, 913]
Salidas: [370, 645, 202, 618]
747
Entradas: [962, 923, 996, 295, 377, 350]
Salidas: [259, 110, 974]
305
Entradas: [75, 1053, 693]
Salidas: [1018, 1117, 44, 455, 960, 27]
264
Entradas: [94, 580]
Salidas: [878, 403, 668, 923]
137
Entradas: [878, 206]
Salidas: [945, 1011]
945
Entradas: [137, 967, 372]
Salidas: [833, 753, 63]
833
Entradas: [945, 713, 906]
Salidas: [109]
25
Entradas: [109, 1064]
Salidas: [277, 931, 835, 440]
277
Entradas: [25, 979, 509, 146, 496]
Salidas: [355]
355
Entradas: [277, 287, 147, 828]
Salidas: [471, 794, 118, 441, 1070, 651, 1032]
267
Entradas: [627, 673, 249, 721, 231, 111]
Salidas: [187]
187
Entradas: [267, 308, 489, 905]
Salidas: [844, 938]
844
Entradas: [187, 165, 1028]
Salidas: [914, 1057, 200, 514, 1038]
782
Entradas: [302, 481, 334, 905]
Salidas: [290, 1106]
101
Entradas: [463, 299, 1117, 564, 1083]
Salidas: [847, 755, 974, 287]
838
Entradas: [261, 399, 695]
Salidas: [831, 488, 1019, 79, 420, 744]
831
Entradas: [838, 50, 82, 695]
Salidas: [40, 254, 430, 1051]
934
Entradas: [178, 251, 968, 388]
Salidas: [167, 53]
167
Entradas: [934, 595, 662, 564]
Salidas: [423]
423
Entradas: [167]
Salidas: [705, 203, 968, 569, 382]
1117
Entradas: [305, 379, 121]
Salidas: [705, 101]
790
Entradas: [851, 868, 692, 745]
Salidas: [178, 505]
641
Entradas: [115, 738]
Salidas: [987, 298]
1015
Entradas: [787, 249, 923, 807]
Salidas: [436, 441, 46, 529, 81, 892, 10]
436
Entradas: [1015, 878]
Salidas: [546, 884]
375
Entradas: [546, 35, 1075]
Salidas: [212, 956, 517, 969, 343, 74, 402]
212
Entradas: [375, 692, 715, 900, 65, 326]
Salidas: [971]
971
Entradas: [212, 371, 120, 960]
Salidas: [585]
585
Entradas: [971, 871]
Salidas: [126, 313, 529, 1056, 666]
779
Entradas: [270, 710, 397, 978, 588, 626]
Salidas: [581]
581
Entradas: [779, 81, 599, 812, 770]
Salidas: [951, 356, 1020, 1130]
951
Entradas: [581, 604, 811, 500]
Salidas: [840, 975, 1128, 16, 973, 947, 215]
251
Entradas: [274, 636, 424, 328, 1028]
Salidas: [357, 934, 487]
357
Entradas: [251, 51, 748, 1102, 526, 1045]
Salidas: [379]
379
Entradas: [357, 648, 959, 665]
Salidas: [542, 623, 64, 532, 220, 1117]
542
Entradas: [379, 580, 530, 510]
Salidas: [323, 767, 417]
601
Entradas: [323, 422]
Salidas: [1094, 734, 848]
1019
Entradas: [797, 728, 343, 838, 56]
Salidas: [879, 515]
879
Entradas: [1019, 514, 927]
Salidas: [717, 1115]
940
Entradas: [1119, 126]
Salidas: [434, 1009, 216, 1080, 1065]
434
Entradas: [940, 890, 393]
Salidas: [201]
201
Entradas: [434, 412, 656, 1083, 53]
Salidas: [737, 649, 956, 976]
737
Entradas: [201, 1055, 237, 131]
Salidas: [411, 263, 664, 827, 30]
411
Entradas: [737, 840]
Salidas: [577, 451]
24
Entradas: [577, 566, 806]
Salidas: [825, 953, 1082, 561]
823
Entradas: [825, 148, 977, 896, 164]
Salidas: [124, 595, 316, 909, 207, 1118, 404]
124
Entradas: [823, 146, 9, 724, 147]
Salidas: [692]
692
Entradas: [124, 325, 842, 672, 606]
Salidas: [212, 181, 506, 455, 790, 1076]
313
Entradas: [585, 994]
Salidas: [825, 888, 1022, 761]
216
Entradas: [596, 940, 948, 1073]
Salidas: [858, 385, 698, 1008]
49
Entradas: [71, 151, 1042, 350]
Salidas: [577, 1059, 780, 758]
263
Entradas: [737]
Salidas: [1051, 306, 866]
1051
Entradas: [263, 850, 831]
Salidas: [59, 821, 1030]
702
Entradas: [1075, 720, 780]
Salidas: [799]
279
Entradas: [52, 530]
Salidas: [787, 557]
890
Entradas: [108, 12, 744, 739]
Salidas: [367, 434, 1072, 152]
639
Entradas: [367, 691]
Salidas: [1001, 196, 614, 812, 3]
1001
Entradas: [639, 966, 107, 925, 1044]
Salidas: [465, 985, 211]
643
Entradas: [1033, 87, 443]
Salidas: [275, 777, 20, 1132, 1004, 472]
382
Entradas: [40, 144, 423]
Salidas: [151, 486, 876, 7]
772
Entradas: [190, 480, 28]
Salidas: [180, 1124, 374, 197, 346]
180
Entradas: [772, 473, 50, 286, 645, 308]
Salidas: [403, 853, 184, 249, 384]
419
Entradas: [908, 637, 804]
Salidas: [893, 534]
893
Entradas: [419]
Salidas: [227, 455, 669, 162]
22
Entradas: [596, 482, 604]
Salidas: [981, 179, 14, 447, 647]
981
Entradas: [22, 913, 161]
Salidas: [1000, 1041, 1108, 750]
70
Entradas: [177, 755, 826, 935, 161]
Salidas: [778, 301]
778
Entradas: [70, 58]
Salidas: [835]
835
Entradas: [778, 25, 477]
Salidas: [582, 314]
652
Entradas: [736, 1120, 995]
Salidas: [578, 1094, 40]
578
Entradas: [652, 878, 341, 623]
Salidas: [181, 133, 956, 791, 562]
451
Entradas: [576, 181, 411, 229, 262]
Salidas: [161]
161
Entradas: [451, 922, 1070, 937, 366, 265]
Salidas: [874, 697, 70, 146, 981, 968]
568
Entradas: [753, 520, 532]
Salidas: [941, 723]
941
Entradas: [568, 363]
Salidas: [852]
671
Entradas: [332, 898, 1119]
Salidas: [621, 1071, 785]
223
Entradas: [636, 405, 1013, 268, 222, 135]
Salidas: [1042, 1003, 870, 493, 333]
804
Entradas: [1107, 521, 1053]
Salidas: [450, 1048, 616, 419]
450
Entradas: [804, 900, 160, 345, 592]
Salidas: [409]
197
Entradas: [389, 772, 618, 386, 859]
Salidas: [513, 524, 1127, 116]
513
Entradas: [197, 272, 870, 442, 195, 796]
Salidas: [913, 151, 329, 152, 492]
913
Entradas: [513, 71, 631]
Salidas: [46, 981, 1116, 52, 225]
877
Entradas: [507, 695, 126, 35, 244]
Salidas: [325, 553, 449]
325
Entradas: [877, 1066, 626, 285, 346, 139]
Salidas: [692, 679, 502, 7, 1037]
314
Entradas: [835, 886]
Salidas: [710, 992, 998]
820
Entradas: [335, 891, 391, 128, 1120, 250]
Salidas: [1040]
992
Entradas: [784, 314, 155]
Salidas: [383, 866, 328, 1063, 143]
74
Entradas: [991, 399, 29, 375]
Salidas: [565, 649]
397
Entradas: [1121, 43, 1032, 994]
Salidas: [779]
1010
Entradas: [894, 219, 202, 288, 458, 1066]
Salidas: [721, 629]
625
Entradas: [1042, 963, 374]
Salidas: [490]
490
Entradas: [625, 7, 788]
Salidas: [141, 473, 202]
1128
Entradas: [951, 283]
Salidas: [599, 148, 878, 1067]
599
Entradas: [1128, 591, 437, 1126, 295]
Salidas: [780, 448, 653, 874, 581, 500]
780
Entradas: [599, 49, 1074, 195]
Salidas: [46, 830, 447, 44, 194, 702]
570
Entradas: [875, 1086]
Salidas: [54, 629, 768, 1119]
380
Entradas: [704, 902, 120, 329]
Salidas: [611, 0, 352, 361]
795
Entradas: [94]
Salidas: [939]
939
Entradas: [795, 1095]
Salidas: [508, 420, 563, 783, 1037]
487
Entradas: [302, 592, 251]
Salidas: [1090, 372, 617, 887, 907]
92
Entradas: [1090, 553, 573, 645, 494, 876, 1123]
Salidas: [526, 249]
526
Entradas: [92, 414, 1013]
Salidas: [619, 357, 132, 666, 525]
97
Entradas: [29, 886]
Salidas: [1125, 160, 1050, 336, 310, 994]
1125
Entradas: [97, 151]
Salidas: [295]
295
Entradas: [1125, 900, 354]
Salidas: [682, 438, 454, 747, 522, 599]
603
Entradas: [574, 595]
Salidas: [485, 942, 512, 534]
485
Entradas: [603, 799, 341, 374, 37, 221]
Salidas: [632, 669, 230, 596, 678, 126, 0]
632
Entradas: [485, 103, 275]
Salidas: [1043, 389, 128, 256, 328, 100, 687]
1013
Entradas: [1043, 845, 1064, 968, 796]
Salidas: [808, 1103, 223, 67, 526]
808
Entradas: [1013, 209, 773, 985, 633]
Salidas: [206, 937, 1067]
6
Entradas: [628, 361]
Salidas: [677, 231]
758
Entradas: [504, 474, 260, 711, 272, 1045, 49]
Salidas: [183]
1064
Entradas: [1105, 447, 1126]
Salidas: [304, 25, 443, 1013, 552]
283
Entradas: [249, 954, 241, 361]
Salidas: [1084, 1105, 533, 1128, 143, 76]
1084
Entradas: [283, 865]
Salidas: [626, 442, 102]
470
Entradas: [541, 139, 696, 900]
Salidas: [520, 361, 290, 853, 125]
1003
Entradas: [223, 727, 990, 1072]
Salidas: [846, 303]
750
Entradas: [944, 426, 981]
Salidas: [648, 533, 96, 899, 715]
191
Entradas: [1104, 1097]
Salidas: [1102]
1102
Entradas: [191, 5, 1054]
Salidas: [969, 28, 211, 227, 357, 761]
670
Entradas: [659, 64, 321, 53]
Salidas: [421, 29, 769, 895, 412]
460
Entradas: [243, 739, 1005, 647]
Salidas: [666, 39]
666
Entradas: [460, 585, 526]
Salidas: [338, 611, 982, 602, 520, 404, 373]
754
Entradas: [805, 292, 1028]
Salidas: [715, 920, 77, 843]
113
Entradas: [339, 659, 502]
Salidas: [1017, 85, 1077, 309, 1109, 994]
271
Entradas: [110, 282, 1098, 493]
Salidas: [441]
530
Entradas: [416, 192, 224, 708]
Salidas: [1016, 542, 131, 822, 527, 279]
1016
Entradas: [530, 691]
Salidas: [215]
453
Entradas: [326, 576, 709, 1031, 400]
Salidas: [1039, 617, 348]
602
Entradas: [1039, 352, 666, 79, 44]
Salidas: [923]
68
Entradas: [889, 978, 875, 64]
Salidas: [857, 988, 431, 494, 34]
23
Entradas: [919, 926, 364, 162]
Salidas: [16, 580, 28, 317, 132]
16
Entradas: [23, 310, 951, 967]
Salidas: [756]
756
Entradas: [16, 766, 1074, 1134]
Salidas: [221, 120, 683, 183]
920
Entradas: [754, 262, 690, 332, 1115, 557]
Salidas: [299]
299
Entradas: [920, 1055, 669, 828, 637]
Salidas: [101]
755
Entradas: [101, 399, 282, 90]
Salidas: [70, 1055, 569]
301
Entradas: [70]
Salidas: [847, 858, 997, 759, 739, 674]
1096
Entradas: [954, 1035]
Salidas: [144, 174, 248]
365
Entradas: [144, 53, 154, 914, 532]
Salidas: [872, 28, 334, 81, 5, 437]
872
Entradas: [365, 19, 806, 143]
Salidas: [255, 746, 587, 67, 1078, 362]
17
Entradas: [255, 1077]
Salidas: [87, 543, 1018]
1068
Entradas: [777, 552, 36, 884]
Salidas: [864]
967
Entradas: [4, 206, 398]
Salidas: [945, 356, 500, 695, 16]
673
Entradas: [109, 647, 319, 413]
Salidas: [1037, 267, 735, 239, 732, 656]
1037
Entradas: [673, 593, 325, 939]
Salidas: [856, 554, 650]
669
Entradas: [485, 893, 563, 147]
Salidas: [204, 181, 667, 765, 299]
634
Entradas: [204, 300, 492]
Salidas: [1092, 38, 433, 538]
1092
Entradas: [634, 122, 318]
Salidas: [328, 39, 620, 274]
306
Entradas: [263, 294, 210, 1022, 422]
Salidas: [809, 709]
78
Entradas: [966, 445, 911]
Salidas: [343, 1090, 1122]
657
Entradas: [760, 908, 67]
Salidas: [842, 199, 248, 422]
842
Entradas: [657, 319]
Salidas: [66, 692, 381, 710]
66
Entradas: [842, 1032, 527, 229]
Salidas: [61]
237
Entradas: [921, 1086]
Salidas: [888, 1075, 737, 858, 937]
543
Entradas: [390, 17]
Salidas: [1099]
869
Entradas: [1052, 293]
Salidas: [549]
374
Entradas: [370, 772, 214, 1112, 1031]
Salidas: [840, 428, 839, 625, 189, 485]
733
Entradas: [840, 819, 302]
Salidas: [964, 574, 50]
592
Entradas: [1093, 345, 1024, 415, 547, 769]
Salidas: [229, 487, 118, 1134, 1074, 656, 450]
39
Entradas: [460, 132, 1092, 974, 937]
Salidas: [651, 116, 1006, 255, 922]
651
Entradas: [39, 576, 905, 293, 355, 56]
Salidas: [742, 63, 146, 28, 937, 206, 1006]
131
Entradas: [1136, 530, 936]
Salidas: [278, 954, 1055, 737]
278
Entradas: [131, 202, 956, 65]
Salidas: [51, 698, 707, 528]
516
Entradas: [64, 944, 517, 1036]
Salidas: [753, 476, 829, 300, 948]
19
Entradas: [753, 514]
Salidas: [872, 521, 693]
746
Entradas: [872, 600]
Salidas: [35, 198]
321
Entradas: [302, 908, 292, 931, 694]
Salidas: [308, 767, 775, 670, 390]
308
Entradas: [321, 719, 76, 712]
Salidas: [187, 369, 1000, 347, 180]
1057
Entradas: [844, 607, 841, 559, 978]
Salidas: [703, 508, 29, 730, 724, 646, 902]
132
Entradas: [224, 912, 526, 23]
Salidas: [638, 39, 359, 407]
870
Entradas: [252, 204, 223]
Salidas: [203, 513, 863, 149, 962, 319]
988
Entradas: [68, 1027, 112]
Salidas: [653, 127]
812
Entradas: [96, 639]
Salidas: [658, 735, 378, 921, 246, 1090, 581, 227]
997
Entradas: [301, 266, 687]
Salidas: [1021, 1054]
1021
Entradas: [997]
Salidas: [471]
900
Entradas: [497, 871, 1075, 938]
Salidas: [295, 450, 212, 470, 4, 329, 787]
912
Entradas: [438, 483, 854]
Salidas: [132, 3]
116
Entradas: [39, 184, 197, 73]
Salidas: [1030]
1030
Entradas: [116, 1051]
Salidas: [830, 130, 786, 528, 481]
310
Entradas: [387, 832, 544, 97, 468]
Salidas: [16, 1129, 506, 1086, 595]
120
Entradas: [756, 232, 715, 26, 710]
Salidas: [135, 971, 354, 709, 380]
135
Entradas: [120, 402, 956]
Salidas: [695, 223]
695
Entradas: [135, 1130, 824, 967]
Salidas: [877, 343, 838, 284, 183, 831]
43
Entradas: [595, 974, 168]
Salidas: [889, 544, 397, 624, 843, 819]
1002
Entradas: [889, 473, 557]
Salidas: [797, 296, 186, 1097]
26
Entradas: [584, 553, 798, 217]
Salidas: [350, 928, 120, 1]
352
Entradas: [175, 495, 340, 380]
Salidas: [602]
448
Entradas: [599]
Salidas: [708, 904, 296]
580
Entradas: [478, 840, 23]
Salidas: [542, 573, 469, 84, 994, 264, 366]
556
Entradas: [1014]
Salidas: [781, 803]
1124
Entradas: [923, 772, 794, 1118]
Salidas: [855]
855
Entradas: [1124, 494, 219]
Salidas: [531, 188, 715]
484
Entradas: [824, 902, 265, 1006, 236]
Salidas: [474, 432, 291]
474
Entradas: [484, 489, 774]
Salidas: [758, 119, 384, 289]
732
Entradas: [1017, 905, 673]
Salidas: [139]
956
Entradas: [375, 578, 495, 575, 201, 214, 1020]
Salidas: [763, 81, 381, 278, 925, 135]
774
Entradas: [356, 45, 348, 726]
Salidas: [148, 128, 93, 474, 250]
293
Entradas: [886, 395, 564]
Salidas: [869, 810, 651, 503, 362]
1047
Entradas: [370, 704, 221, 586]
Salidas: [618, 898]
618
Entradas: [1047, 329, 764, 225]
Salidas: [564, 197, 1081, 687, 256]
3
Entradas: [320, 912, 639, 270]
Salidas: [682]
544
Entradas: [43, 1137, 1130]
Salidas: [698, 786, 721, 112, 310, 193]
1086
Entradas: [989, 310]
Salidas: [570, 307, 237, 960, 555, 644]
629
Entradas: [570, 1010, 771]
Salidas: [525, 811]
525
Entradas: [629, 907, 285, 883, 339, 27, 526]
Salidas: [647, 766, 594, 688]
647
Entradas: [525, 1061, 22]
Salidas: [1071, 673, 460]
1032
Entradas: [1071, 726, 175, 355]
Salidas: [457, 397, 245, 500, 66, 508, 979]
534
Entradas: [309, 419, 603]
Salidas: [596, 268, 139]
330
Entradas: [596, 970]
Salidas: [863, 289, 331]
863
Entradas: [330, 870, 1024]
Salidas: [887, 241, 521, 368]
186
Entradas: [318, 927, 1002, 47, 404]
Salidas: [176]
645
Entradas: [76, 225]
Salidas: [46, 885, 92, 180]
420
Entradas: [939, 59, 272, 337, 838]
Salidas: [486, 195, 492]
952
Entradas: [327, 346, 892]
Salidas: [1081]
262
Entradas: [174, 773, 905]
Salidas: [920, 337, 221, 451]
974
Entradas: [101, 606, 386, 747, 407]
Salidas: [43, 39, 1126]
786
Entradas: [544, 1030, 269]
Salidas: [1050]
272
Entradas: [1076, 343]
Salidas: [513, 975, 758, 420, 447, 425]
202
Entradas: [151, 64, 680, 390, 490, 225]
Salidas: [472, 278, 1010, 153, 605]
472
Entradas: [202, 37, 538, 899, 103, 643]
Salidas: [73, 415, 834, 837, 410, 384]
473
Entradas: [172, 1075, 490, 604]
Salidas: [1002, 180, 64, 383]
296
Entradas: [1002, 448]
Salidas: [521, 594]
1048
Entradas: [804, 476, 243, 1078]
Salidas: [15, 495]
15
Entradas: [1048]
Salidas: [576, 166]
1059
Entradas: [49]
Salidas: [891, 31]
891
Entradas: [1059, 190]
Salidas: [820, 207]
340
Entradas: [944]
Salidas: [99, 352, 1076, 37]
72
Entradas: [108, 575, 344, 58, 1108, 319]
Salidas: [1052, 159, 705]
1046
Entradas: [1052, 765, 660]
Salidas: [762]
266
Entradas: [281, 512]
Salidas: [997, 876, 752]
90
Entradas: [81, 1083]
Salidas: [991, 322, 755]
859
Entradas: [547, 538]
Salidas: [728, 197, 21]
1077
Entradas: [113, 119, 122]
Salidas: [1116, 600, 17]
481
Entradas: [518, 1054, 160, 47, 1087, 841, 1030]
Salidas: [782, 995, 447, 730]
836
Entradas: [506, 522, 318, 291]
Salidas: [883]
883
Entradas: [836]
Salidas: [346, 224, 792, 948, 427, 525, 356]
7
Entradas: [287, 499, 325, 382, 538]
Salidas: [490, 760, 915, 631, 395]
189
Entradas: [552, 628, 748, 374]
Salidas: [45, 171, 781]
45
Entradas: [189, 515, 1109]
Salidas: [774, 185, 477, 813]
690
Entradas: [18, 502, 1104, 150]
Salidas: [920]
876
Entradas: [213, 266, 382, 1078]
Salidas: [479, 887, 925, 1080, 92, 360]
985
Entradas: [1001, 899, 443]
Salidas: [480, 574, 808, 727]
480
Entradas: [985, 701]
Salidas: [772, 257]
208
Entradas: [154, 350, 443]
Salidas: [465]
123
Entradas: [370]
Salidas: [725, 360, 403]
555
Entradas: [961, 1086]
Salidas: [765, 902, 514, 910]
765
Entradas: [555, 669]
Salidas: [94, 1046, 42, 562]
909
Entradas: [506, 823, 354, 996, 660, 853]
Salidas: [455, 371, 1018, 519, 686]
794
Entradas: [355]
Salidas: [1124]
853
Entradas: [180, 996, 470, 744]
Salidas: [250, 1034, 909]
620
Entradas: [889, 363, 1092]
Salidas: [282, 716, 1008]
282
Entradas: [620, 979, 506, 806]
Salidas: [271, 755, 75, 993]
119
Entradas: [474, 884, 433]
Salidas: [194, 975, 846, 1077]
194
Entradas: [119, 780]
Salidas: [324, 875, 445]
532
Entradas: [379, 462, 428]
Salidas: [478, 303, 568, 881, 365]
234
Entradas: [723, 875, 464]
Salidas: [227, 21, 10, 621]
817
Entradas: [551, 1034]
Salidas: [339, 287, 540]
1091
Entradas: [231, 168]
Salidas: [1066, 990, 741]
709
Entradas: [306, 120]
Salidas: [320, 453, 814]
517
Entradas: [375]
Salidas: [516]
476
Entradas: [516, 998]
Salidas: [1048, 961, 196]
600
Entradas: [721, 214, 1077]
Salidas: [898, 1008, 164, 586, 746, 168]
898
Entradas: [600, 254, 1047, 712, 76, 383]
Salidas: [671, 311, 88, 606]
807
Entradas: [636, 1066, 586, 309]
Salidas: [801, 1095, 315, 633, 507, 514, 1015]
245
Entradas: [221, 1032, 144]
Salidas: [597, 1083, 1058, 369]
1106
Entradas: [888, 782]
Salidas: [582, 360, 818]
1110
Entradas: [582, 1017]
Salidas: [122]
122
Entradas: [1110, 589, 724]
Salidas: [1092, 210, 159, 929, 1077]
498
Entradas: [628, 1105, 489, 430, 303]
Salidas: [619, 427, 1097, 851, 896, 88]
449
Entradas: [877, 1029, 824]
Salidas: [309, 1040, 200, 1074, 351, 129]
866
Entradas: [545, 992, 142, 263, 1071, 961, 389]
Salidas: [32, 752]
210
Entradas: [122, 999]
Salidas: [306, 806, 495, 927]
935
Entradas: [391, 1055, 697, 854]
Salidas: [70]
606
Entradas: [1085, 499, 511, 898]
Salidas: [350, 974, 360, 260, 341, 692]
239
Entradas: [437, 673, 688, 265, 990, 684]
Salidas: [574, 1076, 1024, 771, 358, 418]
50
Entradas: [1129, 929, 733, 64]
Salidas: [831, 180, 996, 231]
254
Entradas: [831, 342]
Salidas: [898, 358]
803
Entradas: [589, 764, 556]
Salidas: [735, 482, 495, 444, 1116]
735
Entradas: [803, 812, 673]
Salidas: [672, 638]
994
Entradas: [792, 1020, 580, 113, 97]
Salidas: [661, 313, 148, 397]
482
Entradas: [803]
Salidas: [22]
734
Entradas: [601, 719]
Salidas: [222, 213, 926, 502]
358
Entradas: [254, 239, 1118]
Salidas: [751, 106, 20]
841
Entradas: [751, 562, 84]
Salidas: [1057, 47, 481]
861
Entradas: [1044, 875, 52, 100]
Salidas: [668, 594, 610]
694
Entradas: [586, 392, 265]
Salidas: [644, 1020, 414, 559, 483, 321]
644
Entradas: [694, 573, 729, 1086]
Salidas: [862]
37
Entradas: [958, 100, 149, 340]
Salidas: [472, 583, 83, 485, 104, 319, 753]
415
Entradas: [472, 228, 359, 276]
Salidas: [87, 648, 678, 445, 592]
20
Entradas: [643, 51, 358]
Salidas: [884, 885]
884
Entradas: [20, 297, 436, 168]
Salidas: [13, 119, 1098, 1068, 372]
538
Entradas: [30, 1045, 4, 634, 697]
Salidas: [472, 859, 7, 1012, 373, 233]
354
Entradas: [120, 488]
Salidas: [909, 91, 815, 295]
427
Entradas: [498, 1136, 883, 158]
Salidas: [367, 378, 370, 1023]
899
Entradas: [505, 750]
Salidas: [985, 925, 472, 359]
146
Entradas: [651, 477, 161, 369]
Salidas: [495, 124, 1005, 1076, 277, 115]
515
Entradas: [1019, 553, 575]
Salidas: [45, 104, 413, 496]
1056
Entradas: [585, 1070, 1014, 258]
Salidas: [1073]
905
Entradas: [130, 901, 164]
Salidas: [732, 651, 1112, 911, 782, 262, 187]
1008
Entradas: [600, 258, 620, 216, 366, 143]
Salidas: [991, 847]
594
Entradas: [525, 861, 296, 152, 249]
Salidas: [1109, 512]
1109
Entradas: [594, 897, 113]
Salidas: [766, 486, 324, 334, 672, 297, 45]
810
Entradas: [293, 662, 789]
Salidas: [759, 349]
155
Entradas: [14, 527]
Salidas: [203, 992, 347, 827]
359
Entradas: [558, 798, 428, 132, 899]
Salidas: [832, 443, 415]
832
Entradas: [359, 134, 1115, 740]
Salidas: [310, 11, 160, 488, 623, 492, 199]
1120
Entradas: [383, 412, 1085]
Salidas: [652, 820, 1078]
456
Entradas: [497, 674]
Salidas: [442]
948
Entradas: [883, 516]
Salidas: [661, 216]
428
Entradas: [374, 840]
Salidas: [615, 849, 359, 532]
773
Entradas: [1093, 781, 246, 775, 731]
Salidas: [963, 262, 219, 845, 84, 808]
791
Entradas: [578, 109, 402, 604]
Salidas: [757, 874, 949]
806
Entradas: [757, 121, 210, 854, 766, 1028]
Salidas: [872, 383, 24, 282]
494
Entradas: [255, 59, 68]
Salidas: [298, 944, 84, 92, 855, 514, 968, 211]
535
Entradas: [1067, 569, 613]
Salidas: [989, 797]
307
Entradas: [1086, 347]
Salidas: [199, 1074, 399]
1122
Entradas: [85, 668, 78]
Salidas: [121, 582, 2, 140]
902
Entradas: [555, 91, 1057]
Salidas: [484, 182, 849, 380, 736, 783]
527
Entradas: [1097, 978, 730, 530]
Salidas: [155, 57, 763, 66]
488
Entradas: [838, 832, 944, 999]
Salidas: [51, 999, 354, 889, 584]
443
Entradas: [359, 1064]
Salidas: [643, 208, 577, 520, 985, 792, 995]
166
Entradas: [373, 111, 15]
Salidas: [559]
724
Entradas: [1057, 662]
Salidas: [153, 124, 970, 122]
426
Entradas: [589, 507, 1027]
Salidas: [750, 785, 953, 318]
1098
Entradas: [933, 884, 231, 1111]
Salidas: [271]
931
Entradas: [25, 302]
Salidas: [1115, 297, 321]
982
Entradas: [666]
Salidas: [393, 345]
393
Entradas: [982, 665]
Salidas: [867, 434, 168, 1026]
646
Entradas: [1057]
Salidas: [753, 1000]
739
Entradas: [158, 616, 301, 80]
Salidas: [460, 802, 890, 27, 769]
398
Entradas: [440, 1029, 1087]
Salidas: [5, 1078, 906, 967]
88
Entradas: [95, 898, 498]
Salidas: [467]
134
Entradas: [968, 454, 500]
Salidas: [832]
854
Entradas: [573]
Salidas: [655, 806, 935, 912]
143
Entradas: [283, 992]
Salidas: [1009, 108, 872, 1008, 446]
236
Entradas: [107, 195]
Salidas: [873, 484]
811
Entradas: [285, 629, 558]
Salidas: [109, 951, 226, 250]
949
Entradas: [511, 791]
Salidas: [711]
562
Entradas: [578, 765]
Salidas: [595, 841, 128, 394]
491
Entradas: [337]
Salidas: [508]
414
Entradas: [694]
Salidas: [526]
667
Entradas: [669]
Salidas: [640]
640
Entradas: [667]
Salidas: [856, 800]
696
Entradas: [390]
Salidas: [302, 470, 192]
984
Entradas: [118, 61]
Salidas: [177, 593, 290, 776]
839
Entradas: [374, 960, 1005]
Salidas: [814, 937]
319
Entradas: [814, 37, 870]
Salidas: [673, 160, 936, 842, 72]
937
Entradas: [839, 651, 237, 808]
Salidas: [47, 161, 475, 39, 145]
47
Entradas: [937, 371, 841, 656, 886]
Salidas: [383, 481, 8, 1076, 186, 706]
1095
Entradas: [807, 5]
Salidas: [547, 939]
136
Entradas: [752]
Salidas: [373, 528]
1112
Entradas: [1066, 905, 1058]
Salidas: [374, 631, 796, 366]
850
Entradas: [730, 611]
Salidas: [1051]
300
Entradas: [793, 516]
Salidas: [634]
631
Entradas: [1112, 7, 801]
Salidas: [173, 255, 913, 133]
244
Entradas: [901]
Salidas: [932, 877]
372
Entradas: [487, 704, 884, 1028]
Salidas: [962, 438, 151, 945]
241
Entradas: [863]
Salidas: [283]
366
Entradas: [404, 580, 1112, 566]
Salidas: [722, 161, 621, 105, 622, 1008]
91
Entradas: [354]
Salidas: [902]
796
Entradas: [950, 457, 1112, 889, 87]
Salidas: [304, 998, 513, 919, 195, 1013]
973
Entradas: [951]
Salidas: [845, 821]
929
Entradas: [67, 122, 826]
Salidas: [50]
79
Entradas: [838, 327]
Salidas: [943, 602, 826, 729]
915
Entradas: [7, 69]
Salidas: [595, 1088, 510, 767]
1070
Entradas: [1138, 355, 495]
Salidas: [161, 730, 1056, 1108, 708]
226
Entradas: [811, 958]
Salidas: [344, 980, 4]
344
Entradas: [226, 287]
Salidas: [72]
712
Entradas: [742]
Salidas: [384, 898, 308, 338]
384
Entradas: [712, 474, 180, 472]
Salidas: [819]
819
Entradas: [384, 43, 108]
Salidas: [733]
334
Entradas: [365, 1109, 158]
Salidas: [782]
500
Entradas: [1032, 599, 967, 235]
Salidas: [172, 134, 951]
1029
Entradas: [975]
Salidas: [398, 449]
895
Entradas: [670, 1082]
Salidas: [596, 1107, 222, 381]
829
Entradas: [728, 516, 845]
Salidas: [462, 318, 225]
493
Entradas: [223, 81]
Salidas: [792, 271, 564]
865
Entradas: [813]
Salidas: [100, 431, 157, 1084]
587
Entradas: [872, 89]
Salidas: [564, 656]
42
Entradas: [943, 765]
Salidas: [848, 764, 1004]
289
Entradas: [333, 330, 474]
Salidas: [566, 637, 548]
561
Entradas: [24]
Salidas: [274]
706
Entradas: [292, 47, 1087, 1111]
Salidas: [150, 979, 170, 1028]
1065
Entradas: [924, 987, 940, 364]
Salidas: [288, 1093, 341, 1136]
288
Entradas: [1065, 112, 41, 265]
Salidas: [590, 1010]
999
Entradas: [488, 621]
Salidas: [604, 210, 162, 488]
828
Entradas: [27, 1050]
Salidas: [701, 299, 455, 355, 976]
1028
Entradas: [1, 706]
Salidas: [826, 251, 372, 844, 754, 806]
802
Entradas: [739]
Salidas: [181]
315
Entradas: [807, 221, 922]
Salidas: [265]
265
Entradas: [315, 998]
Salidas: [239, 694, 484, 41, 288, 161]
897
Entradas: [864, 788]
Salidas: [1055, 1109, 286, 285, 404, 943]
80
Entradas: [697]
Salidas: [799, 739, 882]
89
Entradas: [390, 252]
Salidas: [506, 587, 942, 341]
1072
Entradas: [98, 890]
Salidas: [548, 1078, 1003]
970
Entradas: [724]
Salidas: [330, 565]
528
Entradas: [136, 1030, 278]
Salidas: [235]
44
Entradas: [780, 305, 509]
Salidas: [432, 602, 598]
10
Entradas: [333, 234, 1015]
Salidas: [738, 1060, 972, 885]
492
Entradas: [832, 420, 429, 112, 513]
Salidas: [417, 149, 634, 880]
385
Entradas: [216]
Salidas: [1012, 394]
362
Entradas: [872, 507, 293]
Salidas: [390, 361]
483
Entradas: [694]
Salidas: [912]
965
Entradas: [960, 461]
Salidas: [871]
1023
Entradas: [427]
Salidas: [258]
588
Entradas: [801]
Salidas: [779]
368
Entradas: [1045, 863]
Salidas: [995, 591, 291]
918
Entradas: [726]
Salidas: [698, 156]
458
Entradas: [93]
Salidas: [1010]
496
Entradas: [433, 515]
Salidas: [439, 199, 277]
1058
Entradas: [1045, 245]
Salidas: [1112]
910
Entradas: [1073, 555]
Salidas: [584, 1097]
699
Entradas: [744]
Salidas: [539]
162
Entradas: [893, 999]
Salidas: [287, 23]
400
Entradas: [1022]
Salidas: [453]
693
Entradas: [19]
Salidas: [305]
41
Entradas: [1111, 265]
Salidas: [680, 288]
1026
Entradas: [393]
Salidas: [76]
540
Entradas: [817]
Salidas: [36]
684
Entradas: [246]
Salidas: [239]
102
Entradas: [1084]
Salidas: []
